1.247	1050	2.000	1.247	301399.0	1247.000	0.132	0.00000	1.934 Mbps	0.884	30.719	0.000	-11.794
3.229	3000	2.018	0.000	890957.0	1982.035	0.412	0.00000	3.596 Mbps	0.946	34.932	0.000	1.050
5.287	3000	2.000	0.040	842741.0	2058.000	0.520	0.01463	3.276 Mbps	0.448	13.393	0.000	2.588
7.004	3000	2.283	0.000	871216.0	1716.552	0.214	0.00000	4.060 Mbps	0.943	34.723	0.000	3.000
9.177	4300	2.110	0.000	1145415.0	2173.000	0.501	0.00361	4.217 Mbps	0.959	36.908	0.000	3.000
10.954	4300	2.333	0.000	1054838.0	1777.000	0.321	0.00000	4.749 Mbps	0.936	34.189	0.000	4.300
13.283	4300	2.004	0.000	1132110.0	2329.000	0.526	0.00368	3.889 Mbps	0.571	12.606	0.000	4.300
15.044	4300	2.243	0.000	1098985.0	1761.678	0.299	0.00000	4.991 Mbps	0.964	38.665	0.000	4.300
17.267	4300	2.020	0.000	1277041.0	2222.338	0.319	0.00000	4.597 Mbps	0.969	40.229	0.000	4.300
19.172	4300	2.115	0.000	1064186.0	1905.600	0.150	0.00000	4.468 Mbps	0.960	38.316	0.000	4.300
21.456	4300	2.000	0.169	1114493.0	2284.000	0.495	0.00040	3.904 Mbps	0.992	43.768	0.000	2.558
24.116	3000	2.000	0.660	879925.0	2660.000	0.600	0.00000	2.646 Mbps	0.945	32.271	0.000	-5.098
26.017	3000	2.099	0.000	758335.0	1901.000	0.436	0.00142	3.191 Mbps	0.939	32.187	0.000	3.000
28.317	4300	2.000	0.201	1178712.0	2300.000	0.539	0.00767	4.100 Mbps	0.965	34.528	0.000	0.930
30.326	5800	2.000	0.009	1318941.0	2009.000	0.420	0.00009	5.252 Mbps	0.983	38.740	0.000	4.207
33.313	5800	2.000	0.987	1720225.0	2987.000	0.611	0.00678	4.607 Mbps	0.521	10.587	0.000	-4.366
35.359	5800	2.000	0.046	1401455.0	2046.000	0.430	0.00046	5.480 Mbps	0.976	42.004	0.000	5.326
37.519	5800	2.000	0.159	1415850.0	2159.389	0.351	0.00050	5.245 Mbps	0.981	43.819	0.000	4.158
39.995	4300	2.000	0.476	1206114.0	2476.000	0.574	0.00076	3.897 Mbps	0.983	45.258	0.000	-2.103
42.324	3000	2.000	0.329	826962.0	2329.000	0.548	0.00858	2.841 Mbps	-1.000	0.000	1.000	-1.689
42.634	375	2.000	0.310	105710.0	310.117	0.667	0.17330	2.727 Mbps	-1.000	0.000	0.000	-5.444
44.572	1050	2.062	0.000	289600.0	1938.000	0.519	0.00279	1.195 Mbps	-1.000	0.000	1.000	0.375
44.881	375	2.000	0.247	100735.0	309.009	0.496	0.00000	2.608 Mbps	0.782	29.213	0.000	-2.844
46.471	1050	2.410	0.000	273740.0	1590.000	0.336	0.00048	1.377 Mbps	-1.000	0.000	1.000	0.375
46.769	375	2.111	0.000	100294.0	298.685	0.651	0.02101	2.686 Mbps	-1.000	0.000	0.000	-0.300
48.584	1050	2.296	0.000	273630.0	1815.000	0.458	0.00023	1.206 Mbps	0.951	37.562	0.000	0.375
50.258	1750	2.622	0.000	449719.0	1674.000	0.350	0.00000	2.149 Mbps	0.951	36.687	0.000	1.050
51.600	1750	3.280	0.000	497300.0	1342.000	0.166	0.00048	2.965 Mbps	0.987	45.104	0.000	1.750
53.242	1750	3.638	0.000	467364.0	1642.000	0.339	0.00000	2.277 Mbps	0.928	34.258	0.000	1.750
55.654	3000	3.226	0.000	860432.0	2412.000	0.596	0.01889	2.854 Mbps	-1.000	0.000	1.000	1.750
56.002	375	2.879	0.000	112964.0	347.788	0.810	0.05897	2.598 Mbps	-1.000	0.000	0.000	-2.250
57.695	3000	3.186	0.000	830717.0	1692.482	0.262	0.00000	3.927 Mbps	0.976	42.048	0.000	0.375
59.954	4300	2.927	0.000	1307221.0	2258.842	0.486	0.00587	4.630 Mbps	-1.000	0.000	1.000	3.000
60.227	375	2.654	0.000	117953.0	273.365	0.373	0.05859	3.452 Mbps	-1.000	0.000	0.000	-3.550
62.258	4300	2.623	0.000	786688.0	2031.000	0.472	0.00026	3.099 Mbps	0.989	42.858	0.000	0.375
64.442	4300	2.439	0.000	1186224.0	2184.180	0.321	0.00000	4.345 Mbps	0.973	40.294	0.000	4.300
66.671	4300	2.210	0.000	1040422.0	2229.000	0.448	0.00010	3.734 Mbps	-1.000	0.000	1.000	4.300
66.900	375	2.000	0.019	96233.0	229.000	0.591	0.00583	3.362 Mbps	-1.000	0.000	0.000	-3.749
68.300	3000	2.600	0.000	783613.0	1400.000	0.124	0.00050	4.478 Mbps	0.982	41.881	0.000	0.375
70.815	5800	2.085	0.000	1747460.0	2514.753	0.348	0.00202	5.559 Mbps	0.728	13.903	0.000	3.000
72.865	5800	2.035	0.000	1552646.0	2050.516	0.275	0.00046	6.058 Mbps	0.978	40.686	0.000	5.800
74.837	5800	2.063	0.000	1506634.0	1972.000	0.363	0.00150	6.112 Mbps	0.900	31.019	0.000	5.800
77.247	5800	2.000	0.347	1563987.0	2410.000	0.453	0.00128	5.192 Mbps	0.635	14.984	0.000	2.223
79.632	5800	2.000	0.385	1695101.0	2385.000	0.495	0.00545	5.686 Mbps	0.701	15.155	0.000	1.834
82.044	5800	2.000	0.412	1663740.0	2412.000	0.438	0.02534	5.518 Mbps	-1.000	0.000	1.000	1.556
82.272	375	2.000	0.228	112021.0	228.000	0.304	0.06350	3.931 Mbps	-1.000	0.000	0.000	-7.398
84.487	5800	2.000	0.215	1227176.0	2215.000	0.515	0.00724	4.432 Mbps	-1.000	0.000	1.000	-1.840
84.713	375	2.000	0.226	87452.0	226.000	0.548	0.13585	3.096 Mbps	-1.000	0.000	0.000	-7.378
86.537	5800	2.176	0.000	1698056.0	1824.000	0.221	0.00050	7.448 Mbps	0.958	39.106	0.000	0.375
88.605	5800	2.108	0.000	1636097.0	2068.000	0.418	0.00261	6.329 Mbps	0.903	28.243	0.000	5.800
90.451	5800	2.262	0.000	1520273.0	1846.000	0.296	0.00041	6.588 Mbps	0.958	36.269	0.000	5.800
92.578	5800	2.135	0.000	1488333.0	2127.000	0.399	0.00022	5.598 Mbps	-1.000	0.000	1.000	5.800
92.805	375	2.000	0.092	116555.0	227.000	0.626	0.11181	4.108 Mbps	-1.000	0.000	0.000	-5.998
95.080	5800	2.000	0.275	1567569.0	2275.000	0.465	0.00000	5.512 Mbps	0.910	29.449	0.000	-2.458
97.331	5800	2.000	0.251	1381102.0	2251.000	0.492	0.00075	4.908 Mbps	0.977	39.181	0.000	3.215
99.266	5800	2.065	0.000	1668337.0	1935.000	0.197	0.00279	6.898 Mbps	-1.000	0.000	1.000	5.800
99.497	375	2.000	0.166	124800.0	230.819	0.376	0.08474	4.325 Mbps	-1.000	0.000	0.000	-6.758
101.682	5800	2.000	0.185	1613698.0	2184.677	0.331	0.00396	5.909 Mbps	0.469	11.271	0.000	-1.527
105.341	5800	2.000	1.659	1677909.0	3659.473	0.205	0.00000	3.668 Mbps	0.985	41.871	0.000	-11.293
107.456	4300	2.000	0.115	933210.0	2114.806	0.316	0.00049	3.530 Mbps	0.539	12.864	0.000	1.617
109.092	3000	2.364	0.000	642563.0	1636.000	0.312	0.00029	3.142 Mbps	-1.000	0.000	1.000	1.700
109.411	375	2.045	0.000	109558.0	318.884	0.104	0.09447	2.749 Mbps	-1.000	0.000	0.000	-2.250
110.700	1050	2.756	0.000	265511.0	1289.000	0.160	0.00000	1.648 Mbps	0.833	22.396	0.000	0.375
112.333	3000	3.123	0.000	692220.0	1632.639	0.218	0.00000	3.392 Mbps	0.930	26.763	0.000	1.050
115.296	5800	2.160	0.000	1135942.0	2963.000	0.650	0.00154	3.067 Mbps	-1.000	0.000	1.000	3.000
115.612	375	2.000	0.156	108493.0	316.562	0.530	0.00000	2.742 Mbps	0.766	20.766	0.000	-6.658
117.793	1750	2.000	0.181	243359.0	2181.000	0.571	0.00181	0.893 Mbps	-1.000	0.000	1.000	-1.489
118.028	375	2.000	0.235	71062.0	234.946	0.143	0.02082	2.420 Mbps	-1.000	0.000	0.000	-3.420
119.467	1750	2.561	0.000	437374.0	1439.000	0.232	0.00000	2.432 Mbps	0.954	33.455	0.000	0.375
121.402	3000	2.626	0.000	808623.0	1934.876	0.244	0.00000	3.343 Mbps	0.978	37.902	0.000	1.750
123.202	3000	2.827	0.000	802430.0	1799.489	0.380	0.00000	3.567 Mbps	0.979	38.048	0.000	3.000
125.069	3000	2.959	0.000	787745.0	1867.213	0.356	0.00004	3.375 Mbps	0.417	10.083	0.000	3.000
126.735	3000	3.293	0.000	708448.0	1666.337	0.283	0.00000	3.401 Mbps	0.980	37.884	0.000	3.000
128.779	3000	3.249	0.000	705121.0	2044.000	0.478	0.00460	2.760 Mbps	-1.000	0.000	1.000	3.000
129.029	375	2.999	0.000	95518.0	249.828	0.534	0.09005	3.059 Mbps	-1.000	0.000	0.000	-2.250
131.172	4300	2.856	0.000	1240704.0	2143.000	0.462	0.00594	4.632 Mbps	0.984	44.290	0.000	0.375
133.490	5800	2.538	0.000	1730455.0	2318.000	0.491	0.01189	5.972 Mbps	-1.000	0.000	1.000	4.300
133.709	375	2.319	0.000	105317.0	219.000	0.547	0.00521	3.847 Mbps	-1.000	0.000	0.000	-5.050
135.533	5800	2.495	0.000	1584844.0	1824.000	0.275	0.00199	6.951 Mbps	0.985	43.565	0.000	0.375
138.043	5800	2.000	0.015	1346286.0	2510.000	0.598	0.01089	4.291 Mbps	-1.000	0.000	1.000	5.648
138.239	375	2.000	0.196	84431.0	196.000	1.000	0.27921	3.446 Mbps	-1.000	0.000	0.000	-7.069
140.554	5800	2.000	0.315	1661679.0	2315.000	0.439	0.00547	5.742 Mbps	0.608	16.380	0.000	-2.870
142.492	5800	2.062	0.000	1414228.0	1938.000	0.353	0.00000	5.838 Mbps	0.973	37.630	0.000	5.800
144.831	5800	2.000	0.277	1624402.0	2339.000	0.451	0.00175	5.556 Mbps	0.973	37.644	0.000	2.947
147.188	5800	2.000	0.357	1586444.0	2357.000	0.467	0.00100	5.385 Mbps	0.973	38.895	0.000	2.123
149.474	5800	2.000	0.286	1507639.0	2286.000	0.488	0.00103	5.276 Mbps	0.576	12.112	0.000	2.854
151.545	5800	2.000	0.071	1511193.0	2071.000	0.403	0.00095	5.838 Mbps	0.485	14.492	0.000	5.069
153.936	5800	2.000	0.391	1696662.0	2391.000	0.490	0.00207	5.677 Mbps	-1.000	0.000	1.000	1.773
154.174	375	2.000	0.238	119089.0	238.000	0.304	0.00000	4.003 Mbps	0.603	23.470	0.000	-7.501
156.217	5800	2.000	0.043	1656262.0	2043.000	0.381	0.00470	6.486 Mbps	0.524	14.419	0.000	-0.068
158.799	5800	2.000	0.582	1660557.0	2582.000	0.567	0.00011	5.145 Mbps	0.971	37.667	0.000	-0.195
160.710	5800	2.089	0.000	1321595.0	1911.000	0.357	0.00046	5.533 Mbps	0.972	37.773	0.000	5.800
162.748	5800	2.051	0.000	1429041.0	2038.000	0.403	0.00131	5.610 Mbps	0.980	40.048	0.000	5.800
165.350	5800	2.000	0.551	1725671.0	2602.180	0.442	0.01169	5.305 Mbps	-1.000	0.000	1.000	0.123
165.612	375	2.000	0.262	116959.0	261.882	0.739	0.03320	3.573 Mbps	-1.000	0.000	0.000	-7.747
167.022	3000	2.590	0.000	756562.0	1410.000	0.186	0.00000	4.293 Mbps	0.945	33.466	0.000	0.375
169.382	3000	2.230	0.000	740478.0	2360.000	0.538	0.00111	2.510 Mbps	0.982	43.728	0.000	3.000
171.230	3000	2.382	0.000	867142.0	1848.000	0.394	0.00205	3.754 Mbps	0.952	39.138	0.000	3.000
173.038	3000	2.574	0.000	801374.0	1808.213	0.248	0.00132	3.545 Mbps	0.750	14.167	0.000	3.000
175.272	3000	2.340	0.000	987840.0	2233.924	0.486	0.00000	3.538 Mbps	0.956	34.184	0.000	3.000
177.143	3000	2.469	0.000	821455.0	1871.132	0.153	0.00000	3.512 Mbps	0.953	33.985	0.000	3.000
179.264	3000	2.348	0.000	935948.0	2120.776	0.449	0.00025	3.531 Mbps	0.955	33.857	0.000	3.000
180.905	3000	2.707	0.000	696800.0	1641.000	0.331	0.00000	3.397 Mbps	0.544	11.561	0.000	3.000
183.338	3000	2.274	0.000	735626.0	2433.000	0.582	0.00259	2.419 Mbps	0.963	39.498	0.000	3.000
185.532	3000	2.080	0.000	916137.0	2194.000	0.546	0.01746	3.341 Mbps	0.724	15.061	0.000	3.000
187.511	3000	2.101	0.000	871106.0	1979.393	0.197	0.00000	3.521 Mbps	0.964	39.173	0.000	3.000
189.685	3000	2.000	0.073	723333.0	2174.000	0.513	0.00032	2.662 Mbps	0.973	40.844	0.000	2.244
191.730	3000	2.000	0.045	762832.0	2045.000	0.478	0.00453	2.984 Mbps	0.976	41.597	0.000	2.537
194.400	3000	2.000	0.670	876289.0	2670.000	0.595	0.00012	2.626 Mbps	-1.000	0.000	1.000	-3.901
194.723	375	2.000	0.323	113764.0	323.091	0.471	0.07106	2.817 Mbps	-1.000	0.000	0.000	-5.578
196.690	1050	2.033	0.000	341212.0	1967.000	0.530	0.02489	1.388 Mbps	-1.000	0.000	1.000	0.375
196.997	375	2.000	0.274	121984.0	306.977	0.429	0.03073	3.179 Mbps	0.355	11.100	0.000	-3.122
198.822	1050	2.175	0.000	362888.0	1825.000	0.419	0.00000	1.591 Mbps	0.863	29.168	0.000	0.375
200.739	3000	2.258	0.000	755059.0	1917.000	0.425	0.00000	3.151 Mbps	0.926	34.966	0.000	1.050
202.196	3000	2.801	0.000	847926.0	1456.925	0.135	0.00000	4.656 Mbps	0.939	36.010	0.000	3.000
203.903	3000	3.094	0.000	759141.0	1707.000	0.338	0.00000	3.558 Mbps	0.971	39.748	0.000	3.000
206.245	3000	2.752	0.000	933202.0	2342.000	0.541	0.00032	3.188 Mbps	-1.000	0.000	1.000	3.000
206.619	375	2.378	0.000	121610.0	373.830	0.515	0.00000	2.602 Mbps	0.900	31.572	0.000	-2.250
208.552	3000	2.446	0.000	849525.0	1932.337	0.342	0.00108	3.517 Mbps	0.970	38.554	0.000	0.375
211.050	4300	2.000	0.052	1011917.0	2498.149	0.260	0.00000	3.241 Mbps	0.986	43.975	0.000	2.462
212.669	3000	2.380	0.000	706129.0	1619.670	0.239	0.00050	3.488 Mbps	0.974	38.155	0.000	1.700

