1.957	3000	2.000	1.957	820609.0	1956.569	0.261	0.00000	3.355 Mbps	0.946	35.041	0.000	-17.153
3.914	3000	2.043	0.000	890957.0	1957.183	0.330	0.00062	3.642 Mbps	0.827	19.276	0.000	3.000
6.087	4300	2.000	0.130	1196861.0	2172.750	0.288	0.01197	4.407 Mbps	-1.000	0.000	1.000	1.662
6.378	375	2.000	0.291	109065.0	291.019	0.412	0.00000	2.998 Mbps	0.769	26.389	0.000	-6.547
8.642	4300	2.000	0.264	1241725.0	2263.990	0.315	0.00551	4.388 Mbps	0.961	37.479	0.000	-2.344
10.298	4300	2.343	0.000	1145415.0	1656.824	0.391	0.01052	5.531 Mbps	0.586	13.393	0.000	4.300
12.394	5800	2.247	0.000	1430057.0	2095.794	0.343	0.00744	5.459 Mbps	0.954	35.893	0.000	4.300
14.641	5800	2.001	0.000	1522590.0	2246.869	0.194	0.00290	5.421 Mbps	0.972	40.002	0.000	5.800
17.173	5800	2.000	0.532	1495913.0	2532.301	0.341	0.02142	4.726 Mbps	0.602	11.695	0.000	0.323
19.295	4300	2.000	0.122	1277041.0	2122.083	0.194	0.00968	4.814 Mbps	0.636	10.380	0.000	1.543
21.420	4300	2.000	0.125	1064186.0	2124.749	0.317	0.00300	4.007 Mbps	0.960	38.316	0.000	3.015
23.394	4300	2.026	0.000	1114493.0	1973.651	0.366	0.00000	4.517 Mbps	0.992	43.768	0.000	4.300
25.366	4300	2.055	0.000	1262526.0	1971.733	0.158	0.00316	5.123 Mbps	0.969	35.426	0.000	4.300
27.276	5800	2.144	0.000	1431249.0	1910.687	0.248	0.00736	5.993 Mbps	0.602	8.792	0.000	4.300
29.162	5800	2.258	0.000	1606806.0	1885.482	0.253	0.00449	6.818 Mbps	-1.000	0.000	1.000	5.800
29.348	375	2.072	0.000	102320.0	186.497	0.344	0.00000	4.389 Mbps	0.749	23.369	0.000	-5.050
30.740	5800	2.681	0.000	1318941.0	1391.389	0.293	0.00771	7.583 Mbps	0.983	38.740	0.000	0.375
32.336	5800	3.084	0.000	1720225.0	1596.644	0.359	0.00885	8.619 Mbps	0.669	15.844	0.000	5.800
33.723	5800	3.698	0.000	1401455.0	1386.416	0.341	0.00265	8.087 Mbps	0.976	42.004	0.000	5.800
35.620	5800	3.800	0.000	1415850.0	1897.625	0.241	0.00088	5.969 Mbps	0.981	43.819	0.000	5.800
38.040	5800	3.380	0.000	1651825.0	2419.752	0.285	0.00287	5.461 Mbps	0.723	17.044	0.000	5.800
40.972	5800	2.448	0.000	1553617.0	2931.731	0.273	0.00274	4.239 Mbps	-1.000	0.000	1.000	5.800
41.282	375	2.138	0.000	105710.0	310.494	0.282	0.00000	2.724 Mbps	0.835	30.423	0.000	-5.050
43.838	4300	2.000	0.418	1135787.0	2555.824	0.179	0.00000	3.555 Mbps	0.901	34.005	0.000	-3.930
46.389	4300	2.000	0.551	1155212.0	2550.935	0.291	0.00607	3.623 Mbps	0.953	35.672	0.000	-1.375
48.675	4300	2.000	0.286	1082639.0	2285.815	0.213	0.00244	3.789 Mbps	0.976	41.082	0.000	1.356
50.399	3000	2.276	0.000	764632.0	1724.101	0.214	0.00955	3.548 Mbps	-1.000	0.000	1.000	1.700
50.697	375	2.000	0.022	100121.0	298.308	0.389	0.00000	2.685 Mbps	0.923	33.238	0.000	-2.481
52.632	3000	2.065	0.000	862347.0	1934.944	0.321	0.02436	3.565 Mbps	-1.000	0.000	1.000	0.375
52.966	375	2.000	0.269	105529.0	333.961	0.413	0.03856	2.528 Mbps	-1.000	0.000	0.000	-5.020
54.709	3000	2.257	0.000	797470.0	1743.303	0.240	0.00000	3.660 Mbps	0.963	37.683	0.000	0.375
57.435	4300	2.000	0.469	1244540.0	2725.298	0.214	0.00000	3.653 Mbps	0.990	44.861	0.000	-1.827
59.590	4300	2.000	0.155	1160358.0	2155.286	0.300	0.01961	4.307 Mbps	0.646	10.209	0.000	2.701
61.785	4300	2.000	0.195	1307221.0	2194.900	0.238	0.00401	4.765 Mbps	0.974	41.920	0.000	2.293
63.239	4300	2.546	0.000	786688.0	1454.187	0.176	0.00000	4.328 Mbps	0.989	42.858	0.000	4.300
65.330	4300	2.454	0.000	1186224.0	2091.401	0.334	0.01077	4.538 Mbps	0.654	12.143	0.000	4.300
66.885	4300	2.900	0.000	1040422.0	1554.293	0.374	0.00691	5.355 Mbps	0.718	13.395	0.000	4.300
68.909	5800	2.876	0.000	1452782.0	2023.841	0.255	0.00248	5.743 Mbps	0.726	12.026	0.000	4.300
71.339	5800	2.446	0.000	1747460.0	2430.454	0.303	0.00388	5.752 Mbps	0.985	44.003	0.000	5.800
73.297	5800	2.488	0.000	1552646.0	1958.118	0.321	0.00000	6.343 Mbps	0.978	40.686	0.000	5.800
75.094	5800	2.691	0.000	1506634.0	1796.432	0.294	0.00504	6.709 Mbps	0.900	31.019	0.000	5.800
76.788	5800	2.997	0.000	1563987.0	1694.738	0.277	0.00904	7.383 Mbps	-1.000	0.000	1.000	5.800
76.989	375	2.796	0.000	103641.0	200.841	0.272	0.00000	4.128 Mbps	0.625	24.540	0.000	-5.050
78.998	5800	2.787	0.000	1695101.0	2008.596	0.299	0.01240	6.751 Mbps	0.922	34.371	0.000	0.375
80.963	5800	2.822	0.000	1663740.0	1964.749	0.263	0.00411	6.774 Mbps	0.918	33.606	0.000	5.800
82.299	5800	3.486	0.000	1227176.0	1336.120	0.191	0.00000	7.348 Mbps	0.933	35.716	0.000	5.800
84.000	5800	3.785	0.000	1698056.0	1700.983	0.308	0.00217	7.986 Mbps	0.958	39.106	0.000	5.800
85.692	5800	4.093	0.000	1636097.0	1692.172	0.278	0.00494	7.735 Mbps	0.958	37.997	0.000	5.800
87.037	5800	4.748	0.000	1520273.0	1345.445	0.217	0.00331	9.040 Mbps	0.730	15.684	0.000	5.800
88.449	5800	5.336	0.000	1488333.0	1411.558	0.242	0.00215	8.435 Mbps	0.918	30.585	0.000	5.800
89.834	5800	5.951	0.000	1567569.0	1384.813	0.271	0.00220	9.056 Mbps	0.910	29.449	0.000	5.800
91.063	5800	6.722	0.000	1381102.0	1229.601	0.296	0.00819	8.986 Mbps	0.486	10.984	0.000	5.800
92.532	5800	7.253	0.000	1668337.0	1468.690	0.306	0.00000	9.087 Mbps	0.983	41.109	0.000	5.800
93.955	5800	7.830	0.000	1613698.0	1423.210	0.257	0.00482	9.071 Mbps	0.450	10.733	0.000	5.800
95.432	5800	8.353	0.000	1677909.0	1476.658	0.295	0.00262	9.090 Mbps	0.649	14.914	0.000	5.800
96.663	5800	9.122	0.000	1269746.0	1230.734	0.332	0.00510	8.254 Mbps	0.983	41.297	0.000	5.800
97.929	5800	9.856	0.000	1150360.0	1266.449	0.324	0.00975	7.267 Mbps	0.420	4.919	0.000	5.800
99.457	5800	10.328	0.000	1260920.0	1528.322	0.318	0.00328	6.600 Mbps	0.994	43.945	0.000	5.800
101.175	5800	10.610	0.000	1273130.0	1717.758	0.370	0.00040	5.929 Mbps	0.998	48.983	0.000	5.800
102.977	5800	10.808	0.000	1135942.0	1802.043	0.238	0.00134	5.043 Mbps	0.659	12.650	0.000	5.800
104.450	4300	11.335	0.000	637803.0	1472.916	0.344	0.00000	3.464 Mbps	0.999	53.054	0.000	2.800
106.742	4300	11.042	0.000	1014684.0	2292.455	0.274	0.00579	3.541 Mbps	0.985	43.390	0.000	4.300
109.328	4300	10.457	0.000	1149216.0	2585.794	0.328	0.01640	3.555 Mbps	0.988	44.796	0.000	4.300
112.018	4300	9.767	0.000	1182031.0	2689.607	0.270	0.00967	3.516 Mbps	0.989	45.365	0.000	4.300
113.816	3000	9.969	0.000	787745.0	1797.629	0.302	0.00604	3.506 Mbps	0.980	37.941	0.000	1.700
116.158	4300	9.627	0.000	1037435.0	2342.063	0.297	0.00266	3.544 Mbps	0.990	46.095	0.000	3.000
118.496	4300	9.289	0.000	1035586.0	2338.031	0.330	0.00531	3.543 Mbps	-1.000	0.000	1.000	4.300
118.800	375	8.985	0.000	95518.0	304.615	0.465	0.20165	2.509 Mbps	-1.000	0.000	0.000	-3.550
121.781	4300	8.004	0.000	1240704.0	2980.890	0.247	0.00000	3.330 Mbps	0.984	44.290	0.000	0.375
123.675	3000	8.110	0.000	847039.0	1894.224	0.256	0.00000	3.577 Mbps	0.954	40.046	0.000	1.700
125.584	3000	8.201	0.000	838750.0	1908.456	0.325	0.00855	3.516 Mbps	0.961	38.536	0.000	3.000
126.956	3000	8.829	0.000	683962.0	1372.015	0.265	0.00402	3.988 Mbps	0.974	42.047	0.000	3.000
128.975	4300	8.810	0.000	1232752.0	2018.879	0.357	0.00000	4.885 Mbps	0.908	29.432	0.000	3.000
130.495	4300	9.290	0.000	1050968.0	1520.249	0.261	0.00345	5.531 Mbps	0.961	35.788	0.000	4.300
132.662	5800	9.123	0.000	1624402.0	2166.739	0.249	0.00243	5.998 Mbps	0.973	37.644	0.000	4.300
134.524	5800	9.261	0.000	1586444.0	1862.410	0.299	0.00601	6.815 Mbps	0.973	38.895	0.000	5.800
136.184	5800	9.601	0.000	1507639.0	1659.655	0.209	0.00175	7.267 Mbps	0.977	40.645	0.000	5.800
137.603	5800	10.182	0.000	1511193.0	1419.299	0.415	0.00691	8.518 Mbps	0.972	37.700	0.000	5.800
139.240	5800	10.545	0.000	1696662.0	1636.935	0.362	0.00363	8.292 Mbps	0.341	12.536	0.000	5.800
140.755	5800	11.030	0.000	1656262.0	1514.665	0.341	0.00249	8.748 Mbps	0.973	38.001	0.000	5.800
142.290	5800	11.495	0.000	1660557.0	1535.555	0.317	0.00167	8.651 Mbps	0.971	37.667	0.000	5.800
143.470	5800	12.315	0.000	1321595.0	1180.069	0.322	0.01517	8.959 Mbps	0.324	11.907	0.000	5.800
144.740	5800	13.045	0.000	1429041.0	1269.505	0.409	0.00414	9.005 Mbps	0.980	40.048	0.000	5.800
146.256	5800	13.529	0.000	1725671.0	1516.414	0.268	0.00601	9.104 Mbps	0.969	42.610	0.000	5.800
147.469	5800	14.316	0.000	1361129.0	1212.976	0.302	0.00240	8.977 Mbps	0.981	40.508	0.000	5.800
148.773	5800	15.012	0.000	1470555.0	1304.060	0.392	0.00187	9.021 Mbps	0.994	49.216	0.000	5.800
150.274	5800	15.511	0.000	1707106.0	1500.961	0.299	0.01434	9.099 Mbps	-1.000	0.000	1.000	5.800
150.435	375	15.350	0.000	97234.0	160.936	0.468	0.04975	4.833 Mbps	0.920	34.736	0.000	-5.050
151.814	5800	15.971	0.000	1521547.0	1378.590	0.236	0.00245	8.830 Mbps	0.987	44.221	0.000	0.375
153.729	5800	16.056	0.000	1813174.0	1915.338	0.277	0.00349	7.573 Mbps	0.979	41.675	0.000	5.800
155.645	5800	16.140	0.000	1624071.0	1916.250	0.239	0.00008	6.780 Mbps	0.880	18.203	0.000	5.800
157.777	5800	16.008	0.000	1846028.0	2131.418	0.213	0.00429	6.929 Mbps	0.984	43.654	0.000	5.800
159.776	5800	16.009	0.000	1352433.0	1998.901	0.322	0.00478	5.413 Mbps	0.744	14.051	0.000	5.800
161.699	5800	16.086	0.000	1372156.0	1923.570	0.234	0.00423	5.707 Mbps	0.990	46.743	0.000	5.800
163.994	5800	15.791	0.000	1713934.0	2294.868	0.293	0.00211	5.975 Mbps	0.986	45.814	0.000	5.800
166.746	5800	15.039	0.000	1719241.0	2751.572	0.240	0.00000	4.999 Mbps	0.985	45.350	0.000	5.800
169.274	5800	14.511	0.000	1423400.0	2528.749	0.260	0.00933	4.503 Mbps	-1.000	0.000	1.000	5.800
169.505	375	14.280	0.000	93980.0	230.886	0.507	0.00946	3.256 Mbps	-1.000	0.000	0.000	-5.050
171.706	4300	14.079	0.000	1068507.0	2200.866	0.214	0.00318	3.884 Mbps	-1.000	0.000	1.000	0.375
172.003	375	13.781	0.000	99677.0	297.340	0.257	0.12319	2.682 Mbps	-1.000	0.000	0.000	-3.550
174.692	4300	13.093	0.000	1196322.0	2688.506	0.366	0.00650	3.560 Mbps	0.311	10.102	0.000	0.375
177.660	4300	12.125	0.000	1324657.0	2968.332	0.342	0.01648	3.570 Mbps	0.248	10.124	0.000	4.300
180.823	4300	10.962	0.000	1413974.0	3163.083	0.235	0.00261	3.576 Mbps	0.901	22.990	0.000	4.300
183.295	4300	10.490	0.000	1096779.0	2471.459	0.322	0.00440	3.550 Mbps	0.505	14.290	0.000	4.300
185.860	4300	9.925	0.000	1139799.0	2565.261	0.264	0.00320	3.555 Mbps	0.646	14.791	0.000	4.300
188.271	4300	9.514	0.000	1069005.0	2410.899	0.462	0.00635	3.547 Mbps	-1.000	0.000	1.000	4.300
188.575	375	9.210	0.000	102655.0	303.833	0.407	0.00000	2.703 Mbps	0.936	34.063	0.000	-3.550
191.434	4300	8.351	0.000	1274531.0	2859.036	0.203	0.00328	3.566 Mbps	-1.000	0.000	1.000	0.375
191.779	375	8.006	0.000	121610.0	345.163	0.534	0.00000	2.819 Mbps	0.900	31.572	0.000	-3.550
194.625	4300	7.160	0.000	1270342.0	2845.681	0.288	0.00929	3.571 Mbps	0.545	12.322	0.000	0.375
196.934	4300	6.851	0.000	1011917.0	2309.363	0.347	0.00000	3.505 Mbps	0.986	43.975	0.000	4.300
198.861	4300	6.924	0.000	1035382.0	1926.455	0.250	0.00000	4.300 Mbps	0.984	42.975	0.000	4.300

