1.957	3000	2.000	1.957	820609.0	1956.569	0.252	0.00000	3.355 Mbps	0.946	35.041	0.000	-17.153
3.153	1750	2.803	0.000	516104.0	1196.535	0.346	0.00451	3.451 Mbps	0.909	31.798	0.000	0.500
4.908	3000	3.048	0.000	842741.0	1755.052	0.294	0.01555	3.841 Mbps	0.447	13.377	0.000	1.750
6.512	3000	3.444	0.000	871216.0	1604.316	0.265	0.00000	4.344 Mbps	0.943	34.723	0.000	3.000
8.658	4300	3.299	0.000	1145415.0	2145.416	0.358	0.00202	4.271 Mbps	0.959	36.908	0.000	3.000
10.215	4300	3.742	0.000	1054838.0	1556.958	0.281	0.00845	5.420 Mbps	0.422	11.739	0.000	4.300
12.437	5800	3.519	0.000	1522590.0	2222.531	0.350	0.01068	5.481 Mbps	0.789	14.836	0.000	4.300
14.643	5800	3.313	0.000	1495913.0	2206.013	0.274	0.00497	5.425 Mbps	0.973	40.353	0.000	5.800
16.843	4300	3.113	0.000	1277041.0	2200.016	0.365	0.00484	4.644 Mbps	0.969	40.229	0.000	2.800
18.628	4300	3.328	0.000	1064186.0	1784.848	0.281	0.00000	4.770 Mbps	0.960	38.316	0.000	4.300
20.763	4300	3.193	0.000	1114493.0	2135.168	0.269	0.00000	4.176 Mbps	0.992	43.768	0.000	4.300
22.613	3000	3.343	0.000	879925.0	1849.955	0.358	0.00079	3.805 Mbps	0.945	32.271	0.000	1.700
23.856	3000	4.100	0.000	758335.0	1242.781	0.316	0.00000	4.882 Mbps	0.939	32.187	0.000	3.000
25.617	4300	4.339	0.000	1178712.0	1761.071	0.201	0.00000	5.355 Mbps	0.965	34.528	0.000	3.000
27.343	5800	4.614	0.000	1318941.0	1725.661	0.219	0.01059	6.114 Mbps	0.665	12.519	0.000	4.300
29.344	5800	4.612	0.000	1720225.0	2001.419	0.301	0.00471	6.876 Mbps	0.975	42.722	0.000	5.800
30.804	5800	5.153	0.000	1401455.0	1459.348	0.340	0.00659	7.683 Mbps	0.976	42.004	0.000	5.800
32.103	5800	5.853	0.000	1415850.0	1299.716	0.466	0.00942	8.715 Mbps	-1.000	0.000	1.000	5.800
32.779	3000	5.177	0.000	715831.0	675.843	0.252	0.00000	8.473 Mbps	0.959	39.633	0.000	0.200
34.789	5800	5.168	0.000	1651825.0	2009.310	0.290	0.00228	6.577 Mbps	0.988	46.687	0.000	3.000
37.071	5800	4.885	0.000	1553617.0	2282.583	0.415	0.00664	5.445 Mbps	0.452	18.022	0.000	5.800
39.345	5800	4.612	0.000	1549791.0	2273.639	0.240	0.00605	5.453 Mbps	-1.000	0.000	1.000	5.800
41.124	3000	2.832	0.000	827615.0	1779.549	0.298	0.00462	3.721 Mbps	-1.000	0.000	0.000	0.200
42.908	3000	3.049	0.000	781364.0	1783.716	0.222	0.00467	3.504 Mbps	0.934	33.652	0.000	3.000
44.641	3000	3.315	0.000	758937.0	1733.197	0.288	0.00845	3.503 Mbps	0.966	39.774	0.000	3.000
46.433	3000	3.523	0.000	764632.0	1792.161	0.152	0.00400	3.413 Mbps	0.964	38.810	0.000	3.000
48.244	3000	3.712	0.000	862347.0	1810.902	0.202	0.00481	3.810 Mbps	-1.000	0.000	1.000	3.000
50.242	3000	2.000	0.285	862347.0	1997.607	0.245	0.00000	3.454 Mbps	0.988	46.158	0.000	0.061
51.316	1750	2.926	0.000	467364.0	1074.103	0.367	0.02716	3.481 Mbps	0.609	15.355	0.000	0.500
53.253	3000	2.989	0.000	860432.0	1937.000	0.210	0.00463	3.554 Mbps	0.972	38.839	0.000	1.750
55.083	3000	3.159	0.000	830717.0	1829.701	0.248	0.00163	3.632 Mbps	0.976	42.048	0.000	3.000
57.112	3000	3.130	0.000	910409.0	2029.269	0.172	0.00000	3.589 Mbps	0.968	40.460	0.000	3.000
58.224	3000	4.018	0.000	557657.0	1111.658	0.370	0.01273	4.013 Mbps	0.978	38.581	0.000	3.000
60.254	4300	3.988	0.000	1186224.0	2030.636	0.275	0.01039	4.673 Mbps	-1.000	0.000	1.000	3.000
61.611	3000	2.631	0.000	791967.0	1357.083	0.356	0.00813	4.669 Mbps	-1.000	0.000	0.000	1.700
62.905	3000	3.336	0.000	735345.0	1294.127	0.238	0.00000	4.546 Mbps	0.963	38.375	0.000	3.000
64.777	4300	3.465	0.000	1096651.0	1871.528	0.391	0.01793	4.688 Mbps	0.965	29.248	0.000	3.000
66.619	4300	3.623	0.000	1289005.0	1841.556	0.324	0.00000	5.600 Mbps	0.980	42.615	0.000	4.300
68.780	5800	3.462	0.000	1552646.0	2161.635	0.254	0.00391	5.746 Mbps	0.978	40.686	0.000	4.300
70.892	5800	3.350	0.000	1506634.0	2111.401	0.272	0.01367	5.709 Mbps	0.900	31.019	0.000	5.800
72.965	5800	3.277	0.000	1563987.0	2073.197	0.225	0.00312	6.035 Mbps	0.914	32.508	0.000	5.800
75.066	5800	3.176	0.000	1695101.0	2100.786	0.283	0.00341	6.455 Mbps	0.922	34.371	0.000	5.800
76.890	5800	3.352	0.000	1663740.0	1824.435	0.282	0.00935	7.295 Mbps	-1.000	0.000	1.000	5.800
77.964	3000	2.278	0.000	852988.0	1074.286	0.266	0.00702	6.352 Mbps	0.857	30.490	0.000	0.200
78.974	4300	3.268	0.000	917996.0	1009.449	0.143	0.00710	7.275 Mbps	-1.000	0.000	1.000	3.000
79.834	3000	2.408	0.000	640974.0	860.105	0.284	0.00567	5.962 Mbps	0.876	31.729	0.000	1.700
81.267	4300	2.974	0.000	1245214.0	1433.552	0.229	0.00315	6.949 Mbps	0.941	37.246	0.000	3.000
83.044	5800	3.198	0.000	1636097.0	1776.879	0.207	0.00000	7.366 Mbps	0.958	37.997	0.000	4.300
84.526	5800	3.716	0.000	1520273.0	1481.440	0.257	0.00531	8.210 Mbps	0.731	15.928	0.000	5.800
86.012	5800	4.230	0.000	1488333.0	1486.256	0.337	0.00736	8.011 Mbps	0.482	8.559	0.000	5.800
87.422	5800	4.820	0.000	1567569.0	1409.773	0.313	0.01718	8.895 Mbps	-1.000	0.000	1.000	5.800
88.201	3000	4.041	0.000	773730.0	778.930	0.237	0.00533	7.947 Mbps	-1.000	0.000	0.000	0.200
89.430	5800	4.812	0.000	1381102.0	1229.601	0.240	0.00234	8.986 Mbps	0.977	39.181	0.000	3.000
90.899	5800	5.343	0.000	1668337.0	1468.690	0.246	0.00432	9.087 Mbps	0.983	41.109	0.000	5.800
92.322	5800	5.920	0.000	1613698.0	1423.210	0.255	0.00665	9.071 Mbps	0.539	12.404	0.000	5.800
93.799	5800	6.443	0.000	1677909.0	1476.658	0.287	0.00284	9.090 Mbps	0.461	10.833	0.000	5.800
94.936	5800	7.306	0.000	1269746.0	1136.911	0.304	0.00361	8.935 Mbps	-1.000	0.000	1.000	5.800
95.587	3000	6.655	0.000	685997.0	651.010	0.321	0.00000	8.430 Mbps	0.942	33.724	0.000	0.200
96.624	5800	7.618	0.000	1150360.0	1037.536	0.335	0.01205	8.870 Mbps	0.761	12.051	0.000	3.000
97.944	5800	8.298	0.000	1260920.0	1319.368	0.297	0.00346	7.646 Mbps	0.463	5.891	0.000	5.800
99.528	5800	8.714	0.000	1273130.0	1584.317	0.230	0.00299	6.429 Mbps	0.463	8.537	0.000	5.800
101.079	5800	9.163	0.000	1135942.0	1550.605	0.238	0.00145	5.861 Mbps	0.703	12.883	0.000	5.800
102.268	5800	9.974	0.000	761002.0	1189.681	0.284	0.00691	5.117 Mbps	0.783	13.936	0.000	5.800
105.171	5800	9.071	0.000	1341515.0	2902.712	0.222	0.00040	3.697 Mbps	0.989	44.877	0.000	5.800
108.581	5800	7.661	0.000	1527061.0	3409.662	0.353	0.01224	3.583 Mbps	-1.000	0.000	1.000	5.800
110.424	3000	5.818	0.000	808623.0	1843.152	0.260	0.02015	3.510 Mbps	0.491	9.409	0.000	0.200
114.066	5800	4.176	0.000	1618765.0	3641.878	0.273	0.00726	3.556 Mbps	0.862	15.576	0.000	3.000
116.708	4300	3.534	0.000	1175261.0	2642.584	0.204	0.00666	3.558 Mbps	0.739	14.699	0.000	2.800
118.333	3000	3.909	0.000	708448.0	1624.727	0.355	0.01324	3.488 Mbps	-1.000	0.000	1.000	1.700
120.022	3000	2.219	0.000	708448.0	1689.485	0.180	0.00266	3.355 Mbps	0.695	13.756	0.000	3.000
120.963	1750	3.278	0.000	394858.0	940.963	0.453	0.00101	3.357 Mbps	0.668	15.957	0.000	0.500
123.269	3000	2.973	0.000	970403.0	2305.362	0.319	0.00701	3.367 Mbps	-1.000	0.000	1.000	1.750
125.550	3000	2.000	1.308	970403.0	2280.868	0.363	0.00000	3.404 Mbps	0.973	40.998	0.000	-10.470
126.550	1750	3.000	0.000	477415.0	1000.229	0.308	0.00250	3.818 Mbps	0.870	24.280	0.000	0.500
128.159	3000	3.390	0.000	838750.0	1609.463	0.407	0.00000	4.169 Mbps	0.961	38.536	0.000	1.750
129.706	4300	3.844	0.000	964253.0	1546.718	0.251	0.01319	4.987 Mbps	0.764	15.231	0.000	3.000
131.438	4300	4.112	0.000	1232752.0	1731.544	0.283	0.01060	5.696 Mbps	-1.000	0.000	1.000	4.300
132.599	3000	2.951	0.000	883799.0	1160.916	0.318	0.01715	6.090 Mbps	-1.000	0.000	0.000	1.700
