1.957	3000	2.000	1.957	820609.0	1956.569	0.495	0.00326	3.355 Mbps	0.946	35.041	0.000	-17.153
2.286	375	3.670	0.000	114560.0	329.791	0.484	0.06247	2.779 Mbps	-1.000	0.000	1.000	-2.250
2.607	375	3.349	0.000	114560.0	320.957	0.431	0.00000	2.855 Mbps	0.778	26.698	0.000	0.375
2.917	375	5.040	0.000	109065.0	309.399	0.370	0.11958	2.820 Mbps	-1.000	0.000	1.000	0.375
3.214	375	4.743	0.000	109065.0	297.327	0.362	0.03773	2.935 Mbps	-1.000	0.000	0.000	0.375
3.521	375	6.435	0.000	114069.0	307.298	0.471	0.05979	2.970 Mbps	-1.000	0.000	1.000	0.375
3.836	375	6.121	0.000	114069.0	314.385	0.451	0.04182	2.903 Mbps	-1.000	0.000	0.000	0.375
4.126	375	7.830	0.000	102554.0	290.724	0.394	0.03994	2.822 Mbps	-1.000	0.000	1.000	0.375
4.417	375	7.539	0.000	102554.0	290.724	0.356	0.00000	2.822 Mbps	0.778	26.624	0.000	0.375
4.996	1050	8.961	0.000	273405.0	578.425	0.391	0.00000	3.781 Mbps	0.847	29.420	0.000	0.375
5.581	1050	10.376	0.000	291257.0	584.962	0.333	0.00000	3.983 Mbps	0.901	32.845	0.000	1.050
6.447	1750	11.510	0.000	466402.0	866.276	0.314	0.00793	4.307 Mbps	0.931	34.572	0.000	1.050
8.146	3000	11.810	0.000	896417.0	1699.454	0.340	0.00652	4.220 Mbps	-1.000	0.000	1.000	1.750
8.410	375	11.546	0.000	109135.0	264.121	0.525	0.00000	3.306 Mbps	0.893	32.076	0.000	-2.250
9.747	3000	12.210	0.000	742539.0	1336.410	0.342	0.00920	4.445 Mbps	0.946	36.478	0.000	0.375
10.860	3000	13.096	0.000	795617.0	1113.311	0.480	0.00935	5.717 Mbps	0.983	37.666	0.000	3.000
12.721	4300	13.235	0.000	1262526.0	1861.030	0.243	0.00615	5.427 Mbps	0.969	35.426	0.000	3.000
14.285	4300	13.672	0.000	1074521.0	1563.573	0.194	0.00637	5.498 Mbps	0.961	34.653	0.000	4.300
16.173	4300	13.784	0.000	1178712.0	1888.167	0.344	0.01544	4.994 Mbps	0.491	10.484	0.000	4.300
17.711	4300	14.246	0.000	962332.0	1537.600	0.243	0.00429	5.007 Mbps	0.975	36.676	0.000	4.300
19.850	4300	14.107	0.000	1265449.0	2139.455	0.236	0.00083	4.732 Mbps	0.718	15.988	0.000	4.300
21.908	4300	14.048	0.000	1042127.0	2058.494	0.277	0.00381	4.050 Mbps	0.968	40.483	0.000	4.300
23.971	4300	13.986	0.000	1041432.0	2062.551	0.340	0.01535	4.039 Mbps	0.844	21.945	0.000	4.300
25.827	4300	14.130	0.000	1206114.0	1855.593	0.290	0.00614	5.200 Mbps	0.724	17.095	0.000	4.300
27.446	4300	14.511	0.000	1221449.0	1619.412	0.207	0.01216	6.034 Mbps	0.976	41.825	0.000	4.300
29.598	5800	14.358	0.000	1549791.0	2152.233	0.267	0.00614	5.761 Mbps	-1.000	0.000	1.000	4.300
29.783	375	14.173	0.000	100735.0	184.847	0.314	0.00000	4.360 Mbps	0.782	29.213	0.000	-5.050
31.060	4300	14.897	0.000	1155212.0	1276.705	0.423	0.00238	7.239 Mbps	0.953	35.672	0.000	0.375
32.498	5800	15.458	0.000	1417020.0	1438.541	0.370	0.00197	7.880 Mbps	0.981	42.247	0.000	4.300
33.925	5800	16.032	0.000	1448503.0	1426.488	0.353	0.00365	8.123 Mbps	0.982	42.512	0.000	5.800
36.088	5800	15.868	0.000	1693054.0	2163.298	0.409	0.00135	6.261 Mbps	0.995	50.735	0.000	5.800
38.408	5800	15.548	0.000	1566935.0	2320.268	0.244	0.00256	5.403 Mbps	0.989	44.088	0.000	5.800
41.092	5800	14.864	0.000	1638624.0	2683.932	0.281	0.00252	4.884 Mbps	-1.000	0.000	1.000	5.800
41.455	375	14.501	0.000	112964.0	363.170	0.355	0.02510	2.488 Mbps	-1.000	0.000	0.000	-5.050
44.813	5800	13.144	0.000	1581328.0	3357.368	0.267	0.00343	3.768 Mbps	0.987	45.843	0.000	0.375
47.621	4300	12.335	0.000	1307221.0	2808.435	0.166	0.00335	3.724 Mbps	0.860	19.243	0.000	2.800
48.917	3000	13.039	0.000	557657.0	1295.936	0.204	0.00000	3.442 Mbps	0.978	38.581	0.000	1.700
50.760	3000	13.196	0.000	791967.0	1842.880	0.295	0.00000	3.438 Mbps	0.962	38.271	0.000	3.000
53.085	4300	12.871	0.000	1040422.0	2325.191	0.284	0.02036	3.580 Mbps	-1.000	0.000	1.000	3.000
53.393	375	12.564	0.000	96233.0	307.670	0.321	0.00000	2.502 Mbps	0.895	31.437	0.000	-3.550
55.238	3000	12.718	0.000	783613.0	1845.202	0.262	0.00297	3.397 Mbps	0.982	41.881	0.000	0.375
57.019	3000	12.938	0.000	847207.0	1780.835	0.336	0.01540	3.806 Mbps	0.970	40.272	0.000	3.000
58.756	3000	13.200	0.000	836332.0	1737.451	0.314	0.01736	3.851 Mbps	0.674	13.988	0.000	3.000
60.690	4300	13.266	0.000	1111651.0	1933.991	0.438	0.00000	4.598 Mbps	0.518	11.766	0.000	3.000
62.647	4300	13.309	0.000	1153282.0	1956.802	0.274	0.01352	4.715 Mbps	0.416	11.030	0.000	4.300
64.891	4300	13.065	0.000	1253407.0	2244.004	0.424	0.00411	4.468 Mbps	0.888	32.682	0.000	4.300
66.819	4300	13.138	0.000	1242112.0	1927.793	0.296	0.00497	5.155 Mbps	0.882	31.868	0.000	4.300
68.164	4300	13.793	0.000	917996.0	1344.779	0.305	0.00300	5.461 Mbps	0.908	34.019	0.000	4.300
69.829	4300	14.128	0.000	1245214.0	1665.214	0.326	0.02464	5.982 Mbps	0.941	37.246	0.000	4.300
71.670	4300	14.286	0.000	1223294.0	1841.379	0.325	0.00237	5.315 Mbps	-1.000	0.000	1.000	4.300
71.898	375	14.059	0.000	105019.0	227.265	0.247	0.03914	3.697 Mbps	-1.000	0.000	0.000	-3.550
73.381	4300	14.575	0.000	1125330.0	1483.661	0.331	0.00922	6.068 Mbps	-1.000	0.000	1.000	0.375
73.597	375	14.360	0.000	105359.0	215.200	0.412	0.00000	3.917 Mbps	0.785	26.297	0.000	-3.550
75.503	5800	14.454	0.000	1488333.0	1906.109	0.263	0.01245	6.247 Mbps	0.918	30.585	0.000	0.375
77.315	5800	14.642	0.000	1567569.0	1812.319	0.279	0.00606	6.920 Mbps	0.910	29.449	0.000	5.800
78.974	5800	14.983	0.000	1381102.0	1658.567	0.356	0.00319	6.662 Mbps	0.496	12.082	0.000	5.800
80.888	5800	15.069	0.000	1668337.0	1914.242	0.247	0.00686	6.972 Mbps	-1.000	0.000	1.000	5.800
81.095	375	14.861	0.000	124800.0	207.685	0.440	0.03333	4.807 Mbps	-1.000	0.000	0.000	-5.050
82.903	5800	15.054	0.000	1613698.0	1807.366	0.297	0.00197	7.143 Mbps	0.985	41.946	0.000	0.375
84.655	5800	15.302	0.000	1677909.0	1752.072	0.207	0.00639	7.661 Mbps	0.461	10.833	0.000	5.800
85.922	5800	16.035	0.000	1269746.0	1266.629	0.378	0.00361	8.020 Mbps	0.983	41.297	0.000	5.800
87.005	5800	16.952	0.000	1150360.0	1083.463	0.231	0.00636	8.494 Mbps	0.478	4.608	0.000	5.800
88.135	5800	17.822	0.000	1260920.0	1129.953	0.288	0.00000	8.927 Mbps	0.994	43.945	0.000	5.800
89.365	5800	18.591	0.000	1273130.0	1230.525	0.198	0.00207	8.277 Mbps	0.998	48.983	0.000	5.800
91.391	5800	18.566	0.000	1135942.0	1025.535	0.382	0.00646	8.861 Mbps	-1.000	0.000	1.000	5.800
92.561	375	18.395	0.000	108493.0	170.307	0.459	0.00000	5.096 Mbps	0.766	20.766	0.000	-5.050
95.775	5800	18.182	0.000	761002.0	713.443	0.297	0.00918	8.533 Mbps	0.422	3.966	0.000	0.375
99.971	5800	18.485	0.000	1341515.0	1196.650	0.283	0.00536	8.968 Mbps	0.989	44.877	0.000	5.800
105.323	5800	18.134	0.000	1527061.0	1351.095	0.226	0.00538	9.042 Mbps	-1.000	0.000	1.000	5.800
109.001	375	18.455	0.000	118532.0	178.664	0.435	0.00000	5.307 Mbps	0.905	29.629	0.000	-5.050
114.429	5800	18.528	0.000	1618765.0	1427.427	0.357	0.00141	9.072 Mbps	0.992	46.885	0.000	0.375
120.809	5800	18.147	0.000	1562534.0	1380.622	0.252	0.00176	9.054 Mbps	0.993	47.684	0.000	5.800
127.653	5800	18.304	0.000	1382285.0	1343.642	0.219	0.00297	8.230 Mbps	0.993	47.665	0.000	5.800
135.256	5800	18.200	0.000	1463120.0	1603.471	0.323	0.00365	7.300 Mbps	0.579	12.295	0.000	5.800
142.889	5800	18.567	0.000	1655357.0	2132.949	0.358	0.00412	6.209 Mbps	0.987	45.536	0.000	5.800
150.703	5800	18.253	0.000	1730455.0	2814.190	0.347	0.01941	4.919 Mbps	0.737	17.906	0.000	5.800
157.776	5800	18.180	0.000	1584844.0	3572.811	0.259	0.00780	3.549 Mbps	0.985	43.565	0.000	5.800
163.292	5800	18.165	0.000	1346286.0	3015.493	0.337	0.00000	3.572 Mbps	0.985	45.283	0.000	5.800
167.527	5800	18.429	0.000	1661679.0	3735.449	0.312	0.01394	3.559 Mbps	0.191	5.905	0.000	5.800
170.691	5800	17.766	0.000	1414228.0	3163.636	0.293	0.00401	3.576 Mbps	-1.000	0.000	1.000	5.800
170.995	375	17.461	0.000	102982.0	304.546	0.426	0.00000	2.705 Mbps	0.744	25.505	0.000	-5.050
174.785	5800	15.672	0.000	1624402.0	3789.252	0.285	0.00351	3.429 Mbps	0.973	37.644	0.000	0.375
178.374	5800	14.082	0.000	1586444.0	3589.443	0.317	0.00361	3.536 Mbps	0.973	38.895	0.000	5.800
180.816	4300	13.641	0.000	1128999.0	2441.959	0.289	0.00620	3.699 Mbps	0.969	39.085	0.000	2.800
182.756	4300	13.701	0.000	1141084.0	1939.487	0.289	0.00833	4.707 Mbps	-1.000	0.000	1.000	4.300
183.009	375	13.448	0.000	116677.0	253.409	0.360	0.00260	3.683 Mbps	0.427	14.758	0.000	-3.550
184.774	4300	13.683	0.000	1259456.0	1764.997	0.225	0.00958	5.709 Mbps	0.962	36.292	0.000	0.375
186.397	4300	14.060	0.000	1259182.0	1622.942	0.228	0.00000	6.207 Mbps	0.960	36.019	0.000	4.300
187.918	4300	14.539	0.000	1251521.0	1520.661	0.266	0.00209	6.584 Mbps	0.960	35.940	0.000	4.300
189.390	5800	15.067	0.000	1321595.0	1472.269	0.277	0.01467	7.181 Mbps	-1.000	0.000	1.000	4.300
189.560	375	14.897	0.000	85990.0	170.145	0.500	0.00000	4.043 Mbps	0.604	23.364	0.000	-5.050
190.998	5800	15.458	0.000	1429041.0	1438.487	0.295	0.00193	7.947 Mbps	0.980	40.048	0.000	0.375
192.673	5800	15.784	0.000	1725671.0	1674.168	0.307	0.00814	8.246 Mbps	0.969	42.610	0.000	5.800
193.931	5800	16.526	0.000	1361129.0	1258.273	0.281	0.00852	8.654 Mbps	0.348	12.471	0.000	5.800
195.235	5800	17.222	0.000	1470555.0	1304.060	0.308	0.00848	9.021 Mbps	-1.000	0.000	1.000	5.800
195.399	375	17.058	0.000	100734.0	163.849	0.508	0.04314	4.918 Mbps	-1.000	0.000	0.000	-5.050
196.900	5800	17.557	0.000	1707106.0	1500.961	0.281	0.00669	9.099 Mbps	0.978	44.779	0.000	0.375
198.246	5800	18.210	0.000	1521547.0	1346.505	0.218	0.00629	9.040 Mbps	0.889	17.749	0.000	5.800
200.336	5800	18.121	0.000	1813174.0	1589.249	0.269	0.00178	9.127 Mbps	0.979	41.675	0.000	5.800
202.767	5800	18.189	0.000	1624071.0	1431.844	0.282	0.00457	9.074 Mbps	0.534	10.580	0.000	5.800
205.384	5800	18.573	0.000	1846028.0	1616.597	0.251	0.00778	9.135 Mbps	0.766	15.939	0.000	5.800
208.590	5800	18.367	0.000	1352433.0	1205.738	0.283	0.01207	8.973 Mbps	-1.000	0.000	1.000	5.800
210.746	375	18.210	0.000	91958.0	156.544	0.338	0.00000	4.699 Mbps	0.769	27.011	0.000	-5.050
214.580	5800	18.377	0.000	1372156.0	1333.264	0.366	0.00536	8.233 Mbps	0.990	46.743	0.000	0.375
218.893	5800	18.564	0.000	1713934.0	1813.219	0.300	0.00640	7.562 Mbps	0.928	23.476	0.000	5.800
223.802	5800	18.155	0.000	1719241.0	1909.258	0.227	0.00277	7.204 Mbps	0.985	45.350	0.000	5.800
228.469	5800	18.488	0.000	1423400.0	1666.645	0.298	0.00579	6.832 Mbps	-1.000	0.000	1.000	5.800
231.654	375	18.302	0.000	93980.0	185.834	0.403	0.00000	4.046 Mbps	0.928	33.614	0.000	-5.050
236.669	5800	18.287	0.000	1420102.0	2014.966	0.325	0.00305	5.638 Mbps	0.989	47.624	0.000	0.375
241.364	5800	18.593	0.000	1606277.0	2194.178	0.246	0.00000	5.857 Mbps	0.953	32.814	0.000	5.800
246.243	5800	18.214	0.000	1733100.0	2379.280	0.264	0.00394	5.827 Mbps	0.417	11.867	0.000	5.800
250.714	5800	18.242	0.000	1863467.0	2971.248	0.317	0.00460	5.017 Mbps	-1.000	0.000	1.000	5.800
252.009	375	18.448	0.000	137242.0	294.634	0.288	0.00000	3.726 Mbps	0.771	26.640	0.000	-5.050
254.964	5800	18.493	0.000	1452790.0	2454.927	0.216	0.00277	4.734 Mbps	0.981	43.009	0.000	0.375
258.077	5800	17.879	0.000	1508981.0	3113.488	0.272	0.00336	3.877 Mbps	0.980	42.780	0.000	5.800
261.284	5800	16.673	0.000	1433891.0	3206.510	0.406	0.00455	3.577 Mbps	0.736	13.202	0.000	5.800
265.021	5800	14.935	0.000	1677364.0	3737.388	0.202	0.00179	3.590 Mbps	0.698	13.924	0.000	5.800
268.860	5800	13.096	0.000	1724153.0	3839.409	0.223	0.00369	3.593 Mbps	0.985	43.631	0.000	5.800
271.147	4300	12.810	0.000	1011917.0	2286.422	0.374	0.00408	3.541 Mbps	0.817	12.888	0.000	2.800
272.767	3000	13.190	0.000	706129.0	1619.670	0.236	0.00765	3.488 Mbps	0.974	38.155	0.000	1.700

