0.822	1050	2.000	0.822	301399.0	821.881	0.324	0.00000	2.934 Mbps	0.884	30.719	0.000	-7.415
1.154	375	3.668	0.000	114560.0	332.316	0.310	0.03580	2.758 Mbps	-1.000	0.000	1.000	-0.300
1.487	375	3.335	0.000	114560.0	332.316	0.494	0.00000	2.758 Mbps	0.778	26.698	0.000	0.375
1.804	375	5.018	0.000	109065.0	317.809	0.416	0.00264	2.745 Mbps	-1.000	0.000	1.000	0.375
2.122	375	4.700	0.000	109065.0	317.809	0.388	0.03623	2.745 Mbps	-1.000	0.000	0.000	0.375
2.451	375	6.371	0.000	114069.0	328.720	0.413	0.00000	2.776 Mbps	0.787	27.060	0.000	0.375
2.754	375	8.067	0.000	102554.0	303.613	0.289	0.08492	2.702 Mbps	-1.000	0.000	1.000	0.375
3.050	375	7.772	0.000	102554.0	295.704	0.432	0.00000	2.775 Mbps	0.778	26.624	0.000	0.375
3.705	1050	9.117	0.000	273405.0	655.059	0.252	0.00000	3.339 Mbps	0.847	29.420	0.000	0.375
4.724	1750	10.098	0.000	471228.0	1018.985	0.288	0.00000	3.700 Mbps	0.650	13.268	0.000	1.050
5.654	1750	11.167	0.000	466402.0	930.265	0.289	0.00000	4.011 Mbps	0.931	34.572	0.000	1.750
7.292	3000	11.530	0.000	896417.0	1637.507	0.361	0.00654	4.379 Mbps	0.961	38.436	0.000	1.750
8.782	3000	12.040	0.000	742539.0	1489.806	0.220	0.00369	3.987 Mbps	0.946	36.478	0.000	3.000
10.129	3000	12.692	0.000	795617.0	1347.608	0.332	0.00982	4.723 Mbps	0.983	37.666	0.000	3.000
11.320	3000	13.502	0.000	879925.0	1190.653	0.276	0.00177	5.912 Mbps	0.590	7.678	0.000	3.000
12.913	4300	13.909	0.000	1074521.0	1592.720	0.338	0.01144	5.397 Mbps	0.506	6.839	0.000	3.000
14.665	4300	14.157	0.000	1178712.0	1752.502	0.309	0.00650	5.381 Mbps	0.965	34.528	0.000	4.300
16.232	4300	14.590	0.000	962332.0	1566.240	0.328	0.02152	4.915 Mbps	0.588	10.548	0.000	4.300
18.253	4300	14.569	0.000	1265449.0	2021.812	0.208	0.01150	5.007 Mbps	0.590	14.717	0.000	4.300
20.104	4300	14.718	0.000	1042127.0	1850.525	0.283	0.00445	4.505 Mbps	-1.000	0.000	1.000	4.300
20.364	375	14.458	0.000	95143.0	260.496	0.438	0.00000	2.922 Mbps	0.902	33.330	0.000	-3.550
22.438	4300	14.384	0.000	1041432.0	2073.753	0.191	0.00148	4.018 Mbps	-1.000	0.000	1.000	0.375
22.763	375	14.059	0.000	107934.0	325.041	0.433	0.00203	2.656 Mbps	0.836	21.877	0.000	-3.550
25.004	4300	13.818	0.000	1206114.0	2240.951	0.221	0.00256	4.306 Mbps	0.983	45.258	0.000	0.375
26.701	4300	14.121	0.000	1221449.0	1696.840	0.249	0.00539	5.759 Mbps	0.976	41.825	0.000	4.300
28.245	4300	14.577	0.000	1135787.0	1543.775	0.252	0.01227	5.886 Mbps	-1.000	0.000	1.000	4.300
28.450	375	14.372	0.000	100735.0	205.197	0.347	0.00000	3.927 Mbps	0.782	29.213	0.000	-3.550
29.895	4300	14.927	0.000	1155212.0	1445.196	0.165	0.00227	6.395 Mbps	0.953	35.672	0.000	0.375
31.096	4300	15.726	0.000	1082639.0	1200.630	0.377	0.01441	7.214 Mbps	-1.000	0.000	1.000	4.300
31.282	375	15.540	0.000	100248.0	185.896	0.279	0.00000	4.314 Mbps	0.932	35.251	0.000	-3.550
32.757	5800	16.065	0.000	1448503.0	1475.236	0.379	0.00188	7.855 Mbps	0.982	42.512	0.000	0.375
34.451	5800	16.371	0.000	1693054.0	1693.755	0.330	0.00434	7.997 Mbps	0.995	50.735	0.000	5.800
36.366	5800	16.456	0.000	1566935.0	1915.117	0.322	0.00226	6.546 Mbps	0.562	14.480	0.000	5.800
38.795	5800	16.027	0.000	1638624.0	2429.052	0.333	0.00271	5.397 Mbps	0.993	46.510	0.000	5.800
41.833	5800	14.989	0.000	1581328.0	3038.157	0.233	0.00189	4.164 Mbps	0.815	14.714	0.000	5.800
44.762	4300	14.059	0.000	1307221.0	2929.495	0.365	0.00592	3.570 Mbps	0.739	14.430	0.000	2.800
46.498	4300	14.324	0.000	786688.0	1735.356	0.233	0.00000	3.627 Mbps	0.989	42.858	0.000	4.300
49.097	4300	13.725	0.000	1186224.0	2598.970	0.194	0.00000	3.651 Mbps	0.973	40.294	0.000	4.300
51.480	4300	13.342	0.000	1040422.0	2382.955	0.293	0.00393	3.493 Mbps	0.885	21.793	0.000	4.300
53.969	4300	12.852	0.000	1096651.0	2489.706	0.217	0.01060	3.524 Mbps	0.989	44.828	0.000	4.300
55.824	3000	12.998	0.000	847207.0	1854.114	0.257	0.00363	3.655 Mbps	0.970	40.272	0.000	1.700
57.715	3000	13.107	0.000	836332.0	1891.810	0.326	0.00282	3.537 Mbps	0.952	36.586	0.000	3.000
59.730	4300	13.091	0.000	1111651.0	2015.101	0.420	0.01508	4.413 Mbps	0.358	10.161	0.000	3.000
61.713	4300	13.109	0.000	1153282.0	1982.333	0.361	0.00433	4.654 Mbps	0.875	30.818	0.000	4.300
63.998	4300	12.824	0.000	1253407.0	2285.143	0.300	0.00894	4.388 Mbps	0.639	14.310	0.000	4.300
65.531	3000	13.290	0.000	852988.0	1533.511	0.288	0.01056	4.450 Mbps	0.857	30.490	0.000	1.700
66.855	4300	13.966	0.000	917996.0	1323.970	0.235	0.00000	5.547 Mbps	0.908	34.019	0.000	3.000
68.612	4300	14.210	0.000	1245214.0	1756.698	0.309	0.00233	5.671 Mbps	0.941	37.246	0.000	4.300
70.297	4300	14.525	0.000	1223294.0	1685.230	0.281	0.02742	5.807 Mbps	0.625	16.068	0.000	4.300
71.955	4300	14.867	0.000	1125330.0	1657.544	0.444	0.00246	5.431 Mbps	0.938	34.335	0.000	4.300
73.450	4300	15.372	0.000	1095428.0	1494.902	0.292	0.00000	5.862 Mbps	0.880	28.478	0.000	4.300
75.447	5800	15.375	0.000	1567569.0	1997.584	0.313	0.00209	6.278 Mbps	0.910	29.449	0.000	4.300
77.074	5800	15.748	0.000	1381102.0	1626.233	0.262	0.01139	6.794 Mbps	0.907	22.109	0.000	5.800
79.058	5800	15.764	0.000	1668337.0	1984.198	0.314	0.00583	6.726 Mbps	0.447	10.796	0.000	5.800
81.022	5800	15.800	0.000	1613698.0	1964.145	0.344	0.00437	6.573 Mbps	0.420	10.233	0.000	5.800
82.949	5800	15.873	0.000	1677909.0	1926.656	0.292	0.00776	6.967 Mbps	-1.000	0.000	1.000	5.800
83.163	375	15.659	0.000	128640.0	214.414	0.315	0.00000	4.800 Mbps	0.746	25.999	0.000	-5.050
84.470	5800	16.352	0.000	1269746.0	1306.541	0.236	0.00438	7.775 Mbps	0.983	41.297	0.000	0.375
85.620	5800	17.201	0.000	1150360.0	1150.850	0.214	0.00583	7.997 Mbps	0.867	16.163	0.000	5.800
86.967	5800	17.854	0.000	1260920.0	1347.056	0.288	0.00715	7.488 Mbps	0.432	5.755	0.000	5.800
88.107	5800	18.715	0.000	1273130.0	1139.728	0.200	0.00251	8.936 Mbps	0.998	48.983	0.000	5.800
89.216	5800	19.606	0.000	1135942.0	1108.676	0.366	0.00612	8.197 Mbps	0.998	47.964	0.000	5.800
89.929	5800	20.893	0.000	761002.0	713.443	0.349	0.00000	8.533 Mbps	0.999	55.204	0.000	5.800
91.126	5800	21.696	0.000	1341515.0	1196.650	0.265	0.00550	8.968 Mbps	0.989	44.877	0.000	5.800
92.477	5800	22.345	0.000	1527061.0	1351.095	0.204	0.00419	9.042 Mbps	0.991	46.438	0.000	5.800
93.904	5800	22.917	0.000	1618765.0	1427.427	0.349	0.00620	9.072 Mbps	0.544	12.065	0.000	5.800
95.285	5800	23.537	0.000	1562534.0	1380.622	0.278	0.01648	9.054 Mbps	-1.000	0.000	1.000	5.800
95.470	375	23.352	0.000	125931.0	184.822	0.516	0.00000	5.451 Mbps	0.909	29.726	0.000	-5.050
96.701	5800	24.121	0.000	1382285.0	1230.586	0.250	0.00321	8.986 Mbps	0.993	47.665	0.000	0.375
98.095	5800	24.727	0.000	1463120.0	1394.787	0.268	0.00548	8.392 Mbps	0.978	42.438	0.000	5.800
99.899	5800	24.922	0.000	1655357.0	1804.091	0.224	0.00249	7.340 Mbps	0.987	45.536	0.000	5.800
102.247	5800	24.575	0.000	1730455.0	2347.756	0.269	0.00494	5.897 Mbps	0.676	15.472	0.000	5.800
104.948	5800	23.874	0.000	1584844.0	2700.578	0.299	0.00269	4.695 Mbps	0.985	43.565	0.000	5.800
107.963	5800	22.859	0.000	1346286.0	3015.493	0.279	0.00969	3.572 Mbps	-1.000	0.000	1.000	5.800
108.227	375	22.595	0.000	84431.0	264.097	0.614	0.03783	2.558 Mbps	0.930	35.301	0.000	-5.050
111.930	5800	20.891	0.000	1661679.0	3703.188	0.243	0.01016	3.590 Mbps	0.296	8.505	0.000	0.375
115.151	5800	19.671	0.000	1414228.0	3220.073	0.253	0.00427	3.514 Mbps	0.973	37.630	0.000	5.800
118.772	5800	18.049	0.000	1624402.0	3621.908	0.291	0.00222	3.588 Mbps	0.973	37.644	0.000	5.800
122.474	5800	16.348	0.000	1586444.0	3701.139	0.278	0.00203	3.429 Mbps	0.973	38.895	0.000	5.800
125.854	5800	14.968	0.000	1507639.0	3380.195	0.354	0.00507	3.568 Mbps	0.977	40.645	0.000	5.800
128.372	4300	14.450	0.000	1141084.0	2518.131	0.230	0.00787	3.625 Mbps	-1.000	0.000	1.000	2.800
128.667	375	14.155	0.000	116677.0	295.338	0.224	0.00000	3.161 Mbps	0.626	23.696	0.000	-3.550
130.615	4300	14.207	0.000	1259456.0	1947.401	0.288	0.00860	5.174 Mbps	0.516	14.191	0.000	0.375
132.354	4300	14.468	0.000	1259182.0	1739.561	0.225	0.00282	5.791 Mbps	0.960	36.019	0.000	4.300
133.963	4300	14.859	0.000	1251521.0	1608.268	0.296	0.00245	6.225 Mbps	0.960	35.940	0.000	4.300
135.077	4300	15.745	0.000	980361.0	1114.690	0.363	0.00422	7.036 Mbps	-1.000	0.000	1.000	4.300
135.244	375	15.577	0.000	85990.0	167.299	0.235	0.00000	4.112 Mbps	0.604	23.364	0.000	-3.550
136.823	5800	15.999	0.000	1429041.0	1578.123	0.225	0.00224	7.244 Mbps	0.980	40.048	0.000	0.375
138.529	5800	16.293	0.000	1725671.0	1706.726	0.359	0.00986	8.089 Mbps	0.969	42.610	0.000	5.800
139.866	5800	16.956	0.000	1361129.0	1336.432	0.230	0.00000	8.148 Mbps	0.981	40.508	0.000	5.800
141.211	5800	17.611	0.000	1470555.0	1345.529	0.363	0.00219	8.743 Mbps	0.562	19.093	0.000	5.800
142.712	5800	18.110	0.000	1707106.0	1500.961	0.332	0.00291	9.099 Mbps	0.714	14.588	0.000	5.800
144.059	5800	18.763	0.000	1521547.0	1346.505	0.334	0.00180	9.040 Mbps	0.987	44.221	0.000	5.800
145.648	5800	19.174	0.000	1813174.0	1589.249	0.277	0.00762	9.127 Mbps	0.546	10.934	0.000	5.800
147.080	5800	19.742	0.000	1624071.0	1431.844	0.285	0.01097	9.074 Mbps	-1.000	0.000	1.000	5.800
147.255	375	19.567	0.000	113972.0	174.868	0.342	0.00000	5.214 Mbps	0.838	27.433	0.000	-5.050
148.871	5800	19.951	0.000	1846028.0	1616.597	0.260	0.01016	9.135 Mbps	0.550	11.240	0.000	0.375
150.077	5800	20.745	0.000	1352433.0	1205.738	0.287	0.00438	8.973 Mbps	0.809	15.883	0.000	5.800
151.299	5800	21.523	0.000	1372156.0	1222.155	0.323	0.00001	8.982 Mbps	0.714	15.047	0.000	5.800
152.852	5800	21.970	0.000	1713934.0	1552.993	0.231	0.00219	8.829 Mbps	0.986	45.814	0.000	5.800
154.660	5800	22.162	0.000	1719241.0	1807.646	0.291	0.00488	7.609 Mbps	0.985	45.350	0.000	5.800
156.353	5800	22.469	0.000	1423400.0	1692.668	0.317	0.00278	6.727 Mbps	0.988	46.856	0.000	5.800
158.010	5800	22.812	0.000	1420102.0	1657.426	0.155	0.00120	6.854 Mbps	0.989	47.624	0.000	5.800
160.161	5800	22.661	0.000	1606277.0	2150.658	0.268	0.00257	5.975 Mbps	0.953	32.814	0.000	5.800
162.502	5800	22.320	0.000	1733100.0	2341.430	0.288	0.00453	5.922 Mbps	0.271	10.267	0.000	5.800
165.103	5800	21.719	0.000	1863467.0	2600.483	0.236	0.00000	5.733 Mbps	0.986	42.174	0.000	5.800
167.265	5800	21.557	0.000	1452790.0	2162.581	0.266	0.00260	5.374 Mbps	0.981	43.009	0.000	5.800
169.630	5800	21.192	0.000	1508981.0	2365.153	0.228	0.00274	5.104 Mbps	0.918	23.382	0.000	5.800
172.403	5800	20.419	0.000	1433891.0	2772.263	0.332	0.02205	4.138 Mbps	0.700	12.485	0.000	5.800
176.140	5800	18.682	0.000	1677364.0	3737.388	0.281	0.00374	3.590 Mbps	0.846	17.962	0.000	5.800
179.979	5800	16.843	0.000	1724153.0	3839.409	0.307	0.00954	3.593 Mbps	0.497	11.551	0.000	5.800
182.992	5800	15.830	0.000	1344964.0	3012.610	0.236	0.00747	3.572 Mbps	-1.000	0.000	1.000	5.800
183.276	375	15.546	0.000	93464.0	283.792	0.356	0.00495	2.635 Mbps	0.600	9.673	0.000	-5.050
186.428	5800	14.394	0.000	1408894.0	3152.006	0.314	0.00230	3.576 Mbps	0.988	44.803	0.000	0.375

