1.957	3000	2.000	1.957	820609.0	1956.569	0.590	0.00403	3.355 Mbps	0.700	15.095	0.000	-17.153
3.914	3000	2.043	0.000	890957.0	1957.183	0.128	0.00096	3.642 Mbps	0.946	34.932	0.000	3.000
6.087	4300	2.000	0.130	1196861.0	2172.750	0.611	0.01238	4.407 Mbps	0.962	37.344	0.000	1.662
8.468	4300	2.000	0.382	1241725.0	2381.734	0.417	0.00446	4.171 Mbps	0.620	13.611	0.000	0.368
10.107	4300	2.361	0.000	1145415.0	1639.042	0.544	0.00847	5.591 Mbps	0.423	12.120	0.000	4.300
12.202	5800	2.267	0.000	1430057.0	2094.280	0.787	0.07961	5.463 Mbps	-1.000	0.000	1.000	4.300
12.446	375	2.023	0.000	104262.0	244.000	0.622	0.02375	3.418 Mbps	0.744	26.571	0.000	-5.050
14.690	5800	2.000	0.222	1522590.0	2244.681	0.308	0.00077	5.426 Mbps	0.972	40.002	0.000	-1.912
17.239	5800	2.000	0.549	1495913.0	2548.682	0.401	0.00608	4.695 Mbps	0.551	11.457	0.000	0.149
19.556	4300	2.000	0.317	1277041.0	2317.351	0.554	0.09021	4.409 Mbps	0.776	12.879	0.000	-0.469
21.669	4300	2.000	0.112	1064186.0	2112.229	0.227	0.00081	4.031 Mbps	0.960	38.316	0.000	3.144
23.725	4300	2.000	0.056	1114493.0	2056.153	0.105	0.00292	4.336 Mbps	0.992	43.768	0.000	3.722
25.586	4300	2.139	0.000	1262526.0	1861.012	0.581	0.02569	5.427 Mbps	0.629	8.012	0.000	4.300
27.507	5800	2.218	0.000	1431249.0	1921.260	0.406	0.21294	5.960 Mbps	0.974	36.766	0.000	4.300
29.491	5800	2.234	0.000	1606806.0	1984.000	0.725	0.12871	6.479 Mbps	-1.000	0.000	1.000	5.800
29.726	375	2.000	0.001	102320.0	235.000	0.387	0.01044	3.483 Mbps	0.590	11.639	0.000	-5.063
31.364	5800	2.362	0.000	1318941.0	1638.000	0.499	0.01785	6.442 Mbps	-1.000	0.000	1.000	0.375
31.604	375	2.122	0.000	94269.0	240.000	0.662	0.00000	3.142 Mbps	0.817	24.749	0.000	-5.050
33.782	5800	2.000	1.056	1720225.0	2178.000	0.585	0.03391	6.319 Mbps	0.975	42.722	0.000	-0.202
35.645	5800	2.137	0.000	1401455.0	1862.976	0.433	0.07483	6.018 Mbps	-1.000	0.000	1.000	5.800
35.869	375	2.000	0.087	95143.0	224.505	0.216	0.00000	3.390 Mbps	0.902	33.330	0.000	-5.951
37.948	5800	2.000	0.079	1415850.0	2078.801	0.560	0.02778	5.449 Mbps	-1.000	0.000	1.000	-0.437
38.207	375	2.000	0.259	107934.0	259.000	0.777	0.00379	3.334 Mbps	-1.000	0.000	0.000	-7.718
41.335	5800	2.000	0.128	1651825.0	2127.651	0.597	0.06967	4.225 Mbps	0.606	14.423	0.000	-6.240
44.077	4300	2.000	0.742	1221449.0	2742.474	0.471	0.08249	3.563 Mbps	0.976	41.825	0.000	-4.847
46.539	4300	2.000	0.462	1135787.0	2462.098	0.290	0.01190	3.690 Mbps	0.901	34.005	0.000	-0.460
48.973	4300	2.000	0.433	1155212.0	2433.336	0.523	0.00746	3.798 Mbps	-1.000	0.000	1.000	-0.163
49.263	375	2.000	0.290	100294.0	290.331	0.390	0.00000	2.764 Mbps	0.826	27.345	0.000	-6.540
50.992	3000	2.271	0.000	758937.0	1728.504	0.337	0.00155	3.513 Mbps	-1.000	0.000	1.000	0.375
51.319	375	2.000	0.056	100248.0	327.000	0.713	0.00845	2.453 Mbps	-1.000	0.000	0.000	-2.822
53.802	4300	2.000	0.484	1083682.0	2483.525	0.614	0.04142	3.491 Mbps	0.976	40.902	0.000	-4.605
55.676	3000	2.126	0.000	862347.0	1873.998	0.497	0.00922	3.681 Mbps	0.988	46.158	0.000	1.700
58.094	4300	2.000	0.291	1155731.0	2417.417	0.577	0.05794	3.825 Mbps	-1.000	0.000	1.000	-0.002
58.372	375	2.000	0.278	115557.0	278.337	0.399	0.00000	3.321 Mbps	0.844	30.527	0.000	-6.417
60.496	4300	2.000	0.124	1244540.0	2124.462	0.492	0.00809	4.687 Mbps	-1.000	0.000	1.000	-0.907
60.764	375	2.000	0.268	112964.0	268.000	0.606	0.07504	3.372 Mbps	-1.000	0.000	0.000	-6.310
62.660	4300	2.105	0.000	1160358.0	1895.423	0.525	0.00441	4.898 Mbps	0.983	44.342	0.000	0.375
64.929	4300	2.000	0.165	1307221.0	2269.209	0.388	0.00133	4.609 Mbps	0.974	41.920	0.000	2.604
66.063	4300	2.866	0.000	786688.0	1133.638	0.391	0.01091	5.552 Mbps	0.989	42.858	0.000	4.300
68.432	5800	2.497	0.000	1662537.0	2369.482	0.652	0.07542	5.613 Mbps	-1.000	0.000	1.000	4.300
68.692	375	2.237	0.000	101895.0	260.000	0.228	0.00884	3.135 Mbps	0.892	30.838	0.000	-5.050
70.825	5800	2.103	0.000	1373344.0	2133.384	0.344	0.00934	5.150 Mbps	0.981	41.891	0.000	0.375
72.717	5800	2.211	0.000	1452782.0	1892.000	0.409	0.01600	6.143 Mbps	-1.000	0.000	1.000	5.800
72.921	375	2.008	0.000	95941.0	203.115	0.482	0.00000	3.779 Mbps	0.959	34.884	0.000	-5.050
75.126	5800	2.000	0.197	1747460.0	2205.466	0.339	0.00462	6.339 Mbps	0.985	44.003	0.000	-1.655
77.265	5800	2.000	0.139	1552646.0	2139.000	0.745	0.12185	5.807 Mbps	-1.000	0.000	1.000	4.368
77.489	375	2.000	0.224	104181.0	224.000	0.208	0.00699	3.721 Mbps	-1.000	0.000	0.000	-7.357
79.259	5800	2.230	0.000	1506634.0	1769.698	0.375	0.01498	6.811 Mbps	0.900	31.019	0.000	0.375
81.326	5800	2.163	0.000	1563987.0	2067.000	0.546	0.00604	6.053 Mbps	0.885	26.522	0.000	5.800
83.543	5800	2.000	0.054	1695101.0	2217.000	0.443	0.01650	6.117 Mbps	0.741	14.375	0.000	5.247
85.244	5800	2.299	0.000	1663740.0	1700.978	0.189	0.00870	7.825 Mbps	0.618	15.817	0.000	5.800
87.083	5800	2.460	0.000	1227176.0	1839.000	0.460	0.01831	5.338 Mbps	0.933	35.716	0.000	5.800
89.063	5800	2.480	0.000	1698056.0	1980.000	0.352	0.00648	6.861 Mbps	0.958	39.106	0.000	5.800
90.952	5800	2.591	0.000	1636097.0	1889.000	0.330	0.00477	6.929 Mbps	0.958	37.997	0.000	5.800
92.497	5800	3.046	0.000	1520273.0	1545.000	0.104	0.00061	7.872 Mbps	0.958	36.269	0.000	5.800
93.955	5800	3.588	0.000	1488333.0	1458.000	0.261	0.00588	8.166 Mbps	0.918	30.585	0.000	5.800
95.785	5800	3.758	0.000	1567569.0	1830.000	0.465	0.01252	6.853 Mbps	0.694	12.459	0.000	5.800
97.403	5800	4.140	0.000	1381102.0	1618.000	0.157	0.00504	6.829 Mbps	0.465	10.846	0.000	5.800
99.318	5800	4.224	0.000	1668337.0	1915.723	0.215	0.00605	6.967 Mbps	0.829	19.756	0.000	5.800
101.564	5800	3.978	0.000	1613698.0	2245.879	0.263	0.01296	5.748 Mbps	0.389	9.680	0.000	5.800
104.874	5800	2.669	0.000	1677909.0	3309.641	0.279	0.00242	4.056 Mbps	0.985	41.871	0.000	5.800
106.989	4300	2.554	0.000	933210.0	2114.806	0.156	0.00371	3.530 Mbps	0.359	9.052	0.000	2.800
109.145	4300	2.398	0.000	952255.0	2156.333	0.362	0.00340	3.533 Mbps	-1.000	0.000	1.000	4.300
109.464	375	2.079	0.000	109558.0	318.884	0.640	0.03409	2.749 Mbps	0.746	19.657	0.000	-3.550
111.803	4300	2.000	0.260	1023670.0	2338.814	0.374	0.01146	3.502 Mbps	0.410	5.698	0.000	-2.304
113.392	3000	2.411	0.000	692220.0	1589.343	0.239	0.00371	3.484 Mbps	0.714	13.382	0.000	1.700
114.877	3000	2.926	0.000	644403.0	1485.081	0.527	0.00000	3.471 Mbps	0.923	25.525	0.000	3.000
116.348	4300	3.455	0.000	637803.0	1470.690	0.341	0.00129	3.469 Mbps	0.999	53.054	0.000	3.000
118.640	4300	3.162	0.000	1014684.0	2292.455	0.519	0.00004	3.541 Mbps	0.646	13.165	0.000	4.300
121.403	4300	2.400	0.000	1149216.0	2762.586	0.264	0.00582	3.328 Mbps	0.988	44.796	0.000	4.300
123.202	3000	2.600	0.000	802430.0	1799.489	0.326	0.00645	3.567 Mbps	0.728	14.499	0.000	1.700
125.889	4300	2.000	0.086	1175261.0	2686.343	0.348	0.01276	3.500 Mbps	0.991	46.155	0.000	2.114
127.239	3000	2.650	0.000	708448.0	1349.755	0.396	0.00000	4.199 Mbps	0.980	37.884	0.000	1.700
128.927	4300	2.962	0.000	1035586.0	1687.988	0.585	0.01684	4.908 Mbps	0.544	13.056	0.000	3.000
130.699	4300	3.190	0.000	1240704.0	1772.523	0.412	0.00735	5.600 Mbps	0.984	44.290	0.000	4.300
133.019	5800	2.870	0.000	1730455.0	2319.566	0.211	0.00352	5.968 Mbps	0.978	43.671	0.000	4.300
134.921	5800	2.968	0.000	1584844.0	1901.904	0.486	0.07746	6.666 Mbps	-1.000	0.000	1.000	5.800
135.155	375	2.734	0.000	112015.0	234.000	0.481	0.00000	3.830 Mbps	0.825	30.404	0.000	-5.050
137.118	5800	2.771	0.000	1346286.0	1963.000	0.634	0.02634	5.487 Mbps	0.908	19.666	0.000	0.375
138.978	5800	2.911	0.000	1661679.0	1860.000	0.185	0.00678	7.147 Mbps	0.940	31.456	0.000	5.800
140.388	5800	3.501	0.000	1414228.0	1410.000	0.354	0.00708	8.024 Mbps	0.973	37.630	0.000	5.800
142.339	5800	3.550	0.000	1624402.0	1951.000	0.242	0.00400	6.661 Mbps	-1.000	0.000	1.000	5.800
142.544	375	3.345	0.000	108719.0	205.000	0.368	0.00000	4.243 Mbps	0.711	24.811	0.000	-5.050
144.438	5800	3.451	0.000	1586444.0	1894.000	0.180	0.00301	6.701 Mbps	0.385	10.862	0.000	0.375
146.024	5800	3.865	0.000	1507639.0	1586.000	0.191	0.00191	7.605 Mbps	0.977	40.645	0.000	5.800
147.757	5800	4.132	0.000	1511193.0	1733.000	0.391	0.00563	6.976 Mbps	0.346	11.904	0.000	5.800
149.524	5800	4.365	0.000	1696662.0	1767.000	0.283	0.00708	7.682 Mbps	0.933	26.153	0.000	5.800
151.465	5800	4.424	0.000	1656262.0	1941.000	0.524	0.01707	6.826 Mbps	0.682	16.080	0.000	5.800
153.509	5800	4.380	0.000	1660557.0	2044.000	0.524	0.02663	6.499 Mbps	0.971	37.667	0.000	5.800
155.456	5800	4.433	0.000	1321595.0	1947.000	0.641	0.01967	5.430 Mbps	-1.000	0.000	1.000	5.800
155.698	375	4.191	0.000	85990.0	242.000	0.142	0.00861	2.843 Mbps	0.359	13.544	0.000	-5.050
157.499	5800	4.390	0.000	1429041.0	1801.000	0.386	0.01853	6.348 Mbps	-1.000	0.000	1.000	0.375
157.747	375	4.142	0.000	104418.0	248.000	0.250	0.04037	3.368 Mbps	0.466	12.291	0.000	-5.050
160.196	5800	3.693	0.000	1725671.0	2449.300	0.430	0.01218	5.636 Mbps	0.969	42.610	0.000	0.375
162.048	5800	3.841	0.000	1361129.0	1851.748	0.514	0.01546	5.880 Mbps	0.545	13.691	0.000	5.800
164.061	5800	3.828	0.000	1470555.0	2013.499	0.374	0.00593	5.843 Mbps	0.994	49.216	0.000	5.800
166.791	5800	3.098	0.000	1707106.0	2729.748	0.561	0.00681	5.003 Mbps	0.215	10.270	0.000	5.800
169.512	5800	2.377	0.000	1521547.0	2721.048	0.268	0.00543	4.473 Mbps	-1.000	0.000	1.000	5.800
169.769	375	2.120	0.000	110419.0	257.279	0.637	0.00000	3.433 Mbps	0.861	27.922	0.000	-5.050
172.503	4300	2.000	0.004	1335547.0	1733.866	0.491	0.00696	3.908 Mbps	0.845	16.700	0.000	-3.952
175.255	4300	2.000	1.752	1225403.0	2751.915	0.458	0.03046	3.562 Mbps	0.974	40.976	0.000	-5.445
178.266	4300	2.000	0.011	1344107.0	2010.742	0.676	0.02287	3.571 Mbps	0.978	42.068	0.000	-2.111
180.624	4300	2.000	0.358	1044679.0	2357.858	0.413	0.00827	3.545 Mbps	0.669	13.939	0.000	0.614
182.996	4300	2.000	0.372	1051263.0	2372.214	0.508	0.00963	3.545 Mbps	0.988	46.051	0.000	0.466
185.849	4300	2.000	0.853	1271829.0	2853.144	0.205	0.00304	3.566 Mbps	0.651	13.104	0.000	-4.487
188.698	4300	2.000	0.850	1270175.0	2849.538	0.295	0.00732	3.566 Mbps	0.979	43.441	0.000	-4.450
191.043	4300	2.000	0.345	1038792.0	2345.021	0.391	0.00155	3.544 Mbps	0.983	44.930	0.000	0.746
193.453	4300	2.000	0.410	1068507.0	2409.813	0.443	0.01541	3.547 Mbps	-1.000	0.000	1.000	0.079
193.751	375	2.000	0.297	99677.0	297.340	0.194	0.02267	2.682 Mbps	0.750	12.628	0.000	-6.613
196.453	4300	2.000	0.702	1196322.0	2702.206	0.382	0.00406	3.542 Mbps	0.357	10.365	0.000	-6.858
198.284	3000	2.169	0.000	938913.0	1831.085	0.301	0.00519	4.102 Mbps	-1.000	0.000	1.000	1.700
198.602	375	2.000	0.149	121984.0	318.000	0.630	0.05549	3.069 Mbps	0.606	21.871	0.000	-3.786
200.809	4300	2.000	0.207	1413974.0	2206.772	0.419	0.00795	5.126 Mbps	-1.000	0.000	1.000	-1.755
201.119	375	2.000	0.310	137242.0	309.969	0.393	0.00000	3.542 Mbps	0.771	26.640	0.000	-6.743
203.588	5800	2.000	0.470	1452790.0	2469.819	0.204	0.00151	4.706 Mbps	-1.000	0.000	1.000	-4.464
203.822	375	2.000	0.234	94099.0	233.548	0.303	0.00000	3.223 Mbps	0.766	29.150	0.000	-7.456
206.309	4300	2.000	0.487	1139799.0	2487.269	0.145	0.00000	3.666 Mbps	0.972	40.865	0.000	-4.644
208.816	4300	2.000	0.506	1069005.0	2506.303	0.349	0.00334	3.412 Mbps	0.979	43.699	0.000	-0.915
211.197	3000	2.000	0.381	933202.0	2381.336	0.543	0.01356	3.135 Mbps	0.974	39.226	0.000	-2.228
213.066	3000	2.131	0.000	849525.0	1869.075	0.371	0.00560	3.636 Mbps	0.970	38.554	0.000	3.000
215.408	4300	2.000	0.211	1011917.0	2341.968	0.394	0.01171	3.457 Mbps	0.743	11.829	0.000	0.826
217.729	4300	2.000	0.321	1035382.0	2321.424	0.240	0.00624	3.568 Mbps	0.984	42.975	0.000	0.989

