0.822	1050	2.000	0.822	301399.0	821.881	0.254	0.00601	2.934 Mbps	0.884	30.719	0.000	-7.415
1.154	375	3.668	0.000	114560.0	332.316	0.280	0.00000	2.758 Mbps	0.778	26.698	0.000	-0.300
1.474	375	5.347	0.000	109065.0	320.213	0.170	0.03858	2.725 Mbps	-1.000	0.000	1.000	0.375
1.792	375	5.030	0.000	109065.0	317.809	0.733	0.00335	2.745 Mbps	0.769	26.389	0.000	0.375
2.121	375	6.701	0.000	114069.0	328.720	0.115	0.00000	2.776 Mbps	0.787	27.060	0.000	0.375
2.425	375	8.397	0.000	102554.0	303.613	0.500	0.00000	2.702 Mbps	0.778	26.624	0.000	0.375
3.101	1050	9.721	0.000	273405.0	676.143	0.486	0.00000	3.235 Mbps	0.847	29.420	0.000	0.375
4.132	1750	10.690	0.000	471228.0	1031.471	0.582	0.01267	3.655 Mbps	-1.000	0.000	1.000	1.050
4.430	375	10.392	0.000	106010.0	297.826	0.455	0.00000	2.848 Mbps	0.833	29.737	0.000	-1.000
5.352	1750	11.470	0.000	466402.0	922.234	0.508	0.00704	4.046 Mbps	0.931	34.572	0.000	0.375
7.025	3000	11.797	0.000	896417.0	1672.609	0.371	0.01075	4.288 Mbps	0.961	38.436	0.000	1.750
8.479	3000	12.343	0.000	742539.0	1453.701	0.520	0.00004	4.086 Mbps	0.946	36.478	0.000	3.000
9.798	3000	13.024	0.000	795617.0	1319.259	0.352	0.00916	4.825 Mbps	0.983	37.666	0.000	3.000
11.573	4300	13.249	0.000	1262526.0	1775.331	0.509	0.00394	5.689 Mbps	0.969	35.426	0.000	3.000
13.161	4300	13.661	0.000	1074521.0	1587.558	0.497	0.00883	5.415 Mbps	0.737	12.039	0.000	4.300
14.875	4300	13.947	0.000	1178712.0	1714.127	0.463	0.00641	5.501 Mbps	0.965	34.528	0.000	4.300
16.470	4300	14.351	0.000	962332.0	1595.670	0.450	0.00356	4.825 Mbps	0.480	9.512	0.000	4.300
18.707	4300	14.115	0.000	1265449.0	2236.390	0.251	0.00662	4.527 Mbps	0.706	15.937	0.000	4.300
20.531	4300	14.291	0.000	1042127.0	1823.718	0.375	0.02302	4.571 Mbps	0.968	40.483	0.000	4.300
22.698	4300	14.124	0.000	1041432.0	2167.067	0.461	0.00370	3.845 Mbps	0.973	42.333	0.000	4.300
24.628	4300	14.194	0.000	1206114.0	1930.299	0.254	0.01175	4.999 Mbps	-1.000	0.000	1.000	4.300
24.889	375	13.933	0.000	106433.0	261.000	0.265	0.01929	3.262 Mbps	0.705	17.276	0.000	-3.550
26.593	4300	14.229	0.000	1221449.0	1704.253	0.370	0.00873	5.734 Mbps	0.976	41.825	0.000	0.375
28.134	4300	14.688	0.000	1135787.0	1540.907	0.084	0.00223	5.897 Mbps	0.901	34.005	0.000	4.300
29.566	4300	15.256	0.000	1155212.0	1431.936	0.306	0.00890	6.454 Mbps	0.953	35.672	0.000	4.300
31.154	5800	15.668	0.000	1417020.0	1588.000	0.412	0.00454	7.139 Mbps	0.981	42.247	0.000	4.300
32.964	5800	15.858	0.000	1448503.0	1810.000	0.466	0.02191	6.402 Mbps	0.982	42.512	0.000	5.800
34.833	5800	15.989	0.000	1693054.0	1869.000	0.399	0.01390	7.247 Mbps	0.995	50.735	0.000	5.800
37.113	5800	15.709	0.000	1566935.0	2279.732	0.228	0.00239	5.499 Mbps	0.506	14.142	0.000	5.800
39.501	5800	15.321	0.000	1638624.0	2388.139	0.399	0.00222	5.489 Mbps	0.993	46.510	0.000	5.800
42.915	5800	13.906	0.000	1581328.0	3414.579	0.468	0.00201	3.705 Mbps	0.987	45.843	0.000	5.800
45.793	4300	13.028	0.000	1307221.0	2877.937	0.380	0.01636	3.634 Mbps	0.974	41.920	0.000	2.800
47.532	4300	13.290	0.000	786688.0	1738.279	0.364	0.01387	3.621 Mbps	0.989	42.858	0.000	4.300
50.240	4300	12.582	0.000	1186224.0	2708.253	0.565	0.00872	3.504 Mbps	0.973	40.294	0.000	4.300
51.898	3000	12.924	0.000	735345.0	1658.024	0.464	0.00867	3.548 Mbps	-1.000	0.000	1.000	1.700
52.188	375	12.634	0.000	96233.0	289.830	0.609	0.06910	2.656 Mbps	-1.000	0.000	0.000	-2.250
54.060	3000	12.762	0.000	783613.0	1871.806	0.255	0.01725	3.349 Mbps	0.898	20.180	0.000	0.375
55.900	3000	12.922	0.000	847207.0	1840.312	0.648	0.00827	3.683 Mbps	0.593	10.675	0.000	3.000
57.869	3000	12.953	0.000	836332.0	1969.125	0.380	0.00720	3.398 Mbps	0.952	36.586	0.000	3.000
59.379	3000	13.443	0.000	777438.0	1509.883	0.202	0.00245	4.119 Mbps	0.384	10.350	0.000	3.000
61.343	4300	13.478	0.000	1153282.0	1964.499	0.371	0.00909	4.696 Mbps	0.875	30.818	0.000	3.000
63.603	4300	13.219	0.000	1253407.0	2259.122	0.347	0.00506	4.439 Mbps	0.888	32.682	0.000	4.300
65.719	4300	13.103	0.000	1242112.0	2116.152	0.271	0.00138	4.696 Mbps	0.882	31.868	0.000	4.300
67.098	4300	13.724	0.000	917996.0	1378.900	0.077	0.00000	5.326 Mbps	0.908	34.019	0.000	4.300
68.808	4300	14.014	0.000	1245214.0	1710.450	0.716	0.11367	5.824 Mbps	-1.000	0.000	1.000	4.300
69.056	375	13.766	0.000	113424.0	248.000	0.482	0.00564	3.659 Mbps	0.796	27.995	0.000	-3.550
70.964	4300	13.858	0.000	1223294.0	1907.975	0.473	0.02727	5.129 Mbps	0.524	15.740	0.000	0.375
72.395	4300	14.427	0.000	1125330.0	1431.329	0.520	0.00444	6.290 Mbps	-1.000	0.000	1.000	4.300
72.635	375	14.187	0.000	105359.0	240.000	0.475	0.01169	3.512 Mbps	-1.000	0.000	0.000	-3.550
74.185	4300	14.637	0.000	1095428.0	1549.967	0.355	0.00000	5.654 Mbps	0.880	28.478	0.000	0.375
75.654	4300	15.168	0.000	1080750.0	1469.000	0.767	0.09009	5.886 Mbps	-1.000	0.000	1.000	4.300
75.844	375	14.978	0.000	86056.0	190.000	0.600	0.00000	3.623 Mbps	0.689	20.964	0.000	-3.550
76.954	4300	15.868	0.000	1026134.0	1109.700	0.422	0.00357	7.398 Mbps	0.966	37.164	0.000	0.375
78.960	5800	15.862	0.000	1668337.0	2006.000	0.381	0.01609	6.653 Mbps	0.431	10.476	0.000	4.300
80.905	5800	15.917	0.000	1613698.0	1945.094	0.363	0.01110	6.637 Mbps	0.641	15.928	0.000	5.800
82.810	5800	16.012	0.000	1677909.0	1904.517	0.279	0.00094	7.048 Mbps	0.985	41.871	0.000	5.800
84.623	5800	16.199	0.000	1269746.0	1813.000	0.463	0.00926	5.603 Mbps	0.456	10.159	0.000	5.800
85.884	5800	16.938	0.000	1150360.0	1261.000	0.275	0.01196	7.298 Mbps	-1.000	0.000	1.000	5.800
86.126	375	16.696	0.000	109558.0	242.000	0.586	0.00000	3.622 Mbps	0.746	19.657	0.000	-5.050
87.672	5800	17.150	0.000	1260920.0	1546.000	0.291	0.00490	6.525 Mbps	-1.000	0.000	1.000	0.375
87.924	375	16.898	0.000	103470.0	252.000	0.145	0.01012	3.285 Mbps	0.470	11.936	0.000	-5.050
89.661	5800	17.161	0.000	1273130.0	1737.000	0.500	0.01499	5.864 Mbps	0.743	13.995	0.000	0.375
90.950	5800	17.872	0.000	1135942.0	1289.000	0.170	0.00662	7.050 Mbps	-1.000	0.000	1.000	5.800
91.177	375	17.645	0.000	108493.0	227.000	0.490	0.00781	3.824 Mbps	0.766	20.766	0.000	-5.050
92.219	5800	18.603	0.000	761002.0	1042.000	0.403	0.00369	5.843 Mbps	0.853	15.055	0.000	0.375
93.857	5800	18.965	0.000	1341515.0	1638.000	0.457	0.00348	6.552 Mbps	0.659	13.925	0.000	5.800
95.325	5800	19.497	0.000	1527061.0	1468.000	0.080	0.00146	8.322 Mbps	-1.000	0.000	1.000	5.800
95.525	375	19.297	0.000	118532.0	200.000	0.200	0.00000	4.741 Mbps	0.905	29.629	0.000	-5.050
97.679	5800	19.143	0.000	1618765.0	2154.000	0.599	0.01877	6.012 Mbps	0.527	11.308	0.000	0.375
99.585	5800	19.237	0.000	1562534.0	1906.000	0.396	0.01214	6.558 Mbps	0.614	13.106	0.000	5.800
101.372	5800	19.450	0.000	1382285.0	1786.865	0.494	0.01239	6.189 Mbps	-1.000	0.000	1.000	5.800
101.594	375	19.228	0.000	99318.0	222.553	0.412	0.00000	3.570 Mbps	0.903	29.543	0.000	-5.050
103.893	5800	18.929	0.000	1463120.0	2298.465	0.153	0.00151	5.093 Mbps	0.978	42.438	0.000	0.375
107.589	5800	17.233	0.000	1655357.0	3696.709	0.504	0.01393	3.582 Mbps	-1.000	0.000	1.000	5.800
107.955	375	16.867	0.000	131131.0	365.923	0.463	0.00000	2.867 Mbps	0.918	33.528	0.000	-5.050
111.808	5800	15.014	0.000	1730455.0	3853.150	0.487	0.01070	3.593 Mbps	0.645	12.401	0.000	0.375
115.392	5800	13.430	0.000	1584844.0	3583.663	0.439	0.01550	3.538 Mbps	-1.000	0.000	1.000	5.800
115.716	375	13.106	0.000	112015.0	324.242	0.440	0.00000	2.764 Mbps	0.825	30.404	0.000	-5.050
117.899	4300	12.923	0.000	964253.0	2182.494	0.628	0.12368	3.534 Mbps	-1.000	0.000	1.000	0.375
118.163	375	12.659	0.000	84431.0	264.097	0.338	0.00000	2.558 Mbps	0.930	35.301	0.000	-3.550
120.183	3000	12.639	0.000	883799.0	2019.959	0.448	0.00436	3.500 Mbps	0.873	27.443	0.000	0.375
121.933	3000	12.889	0.000	734871.0	1750.086	0.568	0.00576	3.359 Mbps	0.941	33.199	0.000	3.000
123.945	3000	12.877	0.000	827351.0	2012.183	0.132	0.00636	3.289 Mbps	-1.000	0.000	1.000	3.000
124.262	375	12.560	0.000	108719.0	317.055	0.544	0.01046	2.743 Mbps	0.371	9.802	0.000	-2.250
126.200	3000	12.621	0.000	815695.0	1938.400	0.661	0.03699	3.366 Mbps	-1.000	0.000	1.000	0.375
126.540	375	12.282	0.000	104429.0	339.776	0.511	0.00000	2.459 Mbps	0.830	28.634	0.000	-2.250
128.134	3000	12.688	0.000	786164.0	1593.631	0.515	0.01219	3.947 Mbps	-1.000	0.000	1.000	0.375
128.378	375	12.444	0.000	102173.0	244.000	0.512	0.00000	3.350 Mbps	0.827	29.102	0.000	-2.250
129.825	3000	12.997	0.000	863101.0	1447.352	0.557	0.01509	4.771 Mbps	0.434	12.930	0.000	0.375
131.402	3000	13.419	0.000	945354.0	1577.239	0.535	0.00184	4.795 Mbps	0.814	22.302	0.000	3.000
133.149	4300	13.673	0.000	1259182.0	1746.710	0.435	0.00540	5.767 Mbps	0.318	11.879	0.000	3.000
134.743	4300	14.079	0.000	1251521.0	1593.368	0.314	0.01463	6.284 Mbps	0.394	12.862	0.000	4.300
136.127	4300	14.695	0.000	980361.0	1384.000	0.495	0.03380	5.667 Mbps	-1.000	0.000	1.000	4.300
136.333	375	14.489	0.000	85990.0	206.000	0.317	0.00000	3.339 Mbps	0.604	23.364	0.000	-3.550
137.814	4300	15.008	0.000	1047778.0	1481.000	0.646	0.01325	5.660 Mbps	0.361	11.527	0.000	0.375
139.819	5800	15.003	0.000	1725671.0	2005.000	0.237	0.00344	6.885 Mbps	0.969	42.610	0.000	4.300
141.250	5800	15.572	0.000	1361129.0	1431.000	0.360	0.00436	7.609 Mbps	0.651	14.691	0.000	5.800
143.121	5800	15.701	0.000	1470555.0	1871.000	0.381	0.00961	6.288 Mbps	-1.000	0.000	1.000	5.800
143.354	375	15.468	0.000	100734.0	233.000	0.529	0.00000	3.459 Mbps	0.934	35.172	0.000	-5.050
145.462	5800	15.360	0.000	1707106.0	2108.000	0.319	0.00923	6.479 Mbps	0.725	13.409	0.000	0.375
147.085	5800	15.737	0.000	1521547.0	1623.000	0.369	0.00325	7.500 Mbps	0.987	44.221	0.000	5.800
149.091	5800	15.731	0.000	1813174.0	2006.000	0.389	0.00339	7.231 Mbps	0.864	17.401	0.000	5.800
151.071	5800	15.751	0.000	1624071.0	1980.000	0.498	0.00480	6.562 Mbps	0.980	42.506	0.000	5.800
153.336	5800	15.486	0.000	1846028.0	2265.000	0.508	0.01831	6.520 Mbps	0.804	16.160	0.000	5.800
154.807	5800	16.015	0.000	1352433.0	1471.000	0.377	0.00653	7.355 Mbps	-1.000	0.000	1.000	5.800
155.036	375	15.786	0.000	91958.0	229.000	0.530	0.00000	3.213 Mbps	0.769	27.011	0.000	-5.050
156.790	5800	16.032	0.000	1372156.0	1754.000	0.366	0.00966	6.258 Mbps	0.990	46.743	0.000	0.375
159.079	5800	15.743	0.000	1713934.0	2289.000	0.515	0.02661	5.990 Mbps	0.986	45.814	0.000	5.800
161.544	5800	15.278	0.000	1719241.0	2465.729	0.526	0.01829	5.578 Mbps	0.985	45.350	0.000	5.800
163.496	5800	15.326	0.000	1423400.0	1951.675	0.294	0.00628	5.835 Mbps	0.988	46.856	0.000	5.800
165.430	5800	15.392	0.000	1420102.0	1933.676	0.505	0.00809	5.875 Mbps	0.989	47.624	0.000	5.800
167.784	5800	15.038	0.000	1606277.0	2354.528	0.404	0.01132	5.458 Mbps	0.953	32.814	0.000	5.800
170.501	5800	14.321	0.000	1733100.0	2716.985	0.525	0.01401	5.103 Mbps	0.407	11.646	0.000	5.800
173.487	4300	13.335	0.000	1413974.0	2986.168	0.308	0.01572	3.788 Mbps	-1.000	0.000	1.000	2.800
173.867	375	12.955	0.000	137242.0	379.248	0.834	0.09223	2.895 Mbps	-1.000	0.000	0.000	-3.550
175.593	3000	13.229	0.000	755059.0	1726.359	0.188	0.02920	3.499 Mbps	0.926	34.966	0.000	0.375
178.158	4300	12.664	0.000	1139799.0	2565.261	0.484	0.01054	3.555 Mbps	0.517	13.331	0.000	3.000
179.893	3000	12.928	0.000	759141.0	1735.260	0.315	0.00898	3.500 Mbps	0.971	39.748	0.000	1.700
182.008	3000	12.814	0.000	933202.0	2114.789	0.296	0.00201	3.530 Mbps	0.974	39.226	0.000	3.000
183.941	3000	12.881	0.000	849525.0	1932.337	0.339	0.01698	3.517 Mbps	0.970	38.554	0.000	3.000
185.613	3000	13.208	0.000	730514.0	1672.840	0.481	0.01141	3.494 Mbps	0.979	38.689	0.000	3.000
187.951	4300	12.871	0.000	1035382.0	2337.586	0.219	0.00744	3.543 Mbps	0.716	11.735	0.000	3.000

