1.957	3000	2.000	1.957	820609.0	1956.569	0.183	0.00194	3.355 Mbps	0.946	35.041	0.000	-17.153
3.153	1750	2.803	0.000	516104.0	1196.535	0.488	0.01931	3.451 Mbps	0.909	31.798	0.000	0.500
4.908	3000	3.048	0.000	842741.0	1755.052	0.511	0.00227	3.841 Mbps	-1.000	0.000	1.000	1.750
5.173	375	2.783	0.000	109065.0	265.000	0.530	0.00985	3.293 Mbps	0.769	26.389	0.000	-2.250
6.750	3000	3.206	0.000	871216.0	1577.227	0.238	0.00770	4.419 Mbps	0.943	34.723	0.000	0.375
8.925	4300	3.031	0.000	1145415.0	2174.789	0.617	0.01465	4.213 Mbps	0.407	11.288	0.000	3.000
10.116	3000	3.841	0.000	757450.0	1190.638	0.576	0.01159	5.089 Mbps	-1.000	0.000	1.000	1.700
10.349	375	3.608	0.000	104262.0	233.000	0.340	0.00000	3.580 Mbps	0.744	26.571	0.000	-2.250
12.571	5800	3.386	0.000	1522590.0	2222.176	0.439	0.00407	5.481 Mbps	0.679	12.713	0.000	0.375
14.778	5800	3.178	0.000	1495913.0	2207.136	0.435	0.00489	5.422 Mbps	0.938	24.699	0.000	5.800
16.842	4300	3.114	0.000	1277041.0	2064.119	0.244	0.00551	4.949 Mbps	0.969	40.229	0.000	2.800
18.927	4300	3.029	0.000	1064186.0	2084.924	0.477	0.02887	4.083 Mbps	0.502	10.673	0.000	4.300
21.051	4300	2.906	0.000	1114493.0	2123.766	0.520	0.01265	4.198 Mbps	0.992	43.768	0.000	4.300
22.812	3000	3.144	0.000	879925.0	1761.560	0.399	0.00696	3.996 Mbps	0.945	32.271	0.000	1.700
24.056	3000	3.901	0.000	758335.0	1243.340	0.437	0.00494	4.879 Mbps	0.939	32.187	0.000	3.000
25.822	4300	4.134	0.000	1178712.0	1766.332	0.356	0.00026	5.339 Mbps	0.965	34.528	0.000	3.000
27.604	5800	4.353	0.000	1318941.0	1781.784	0.336	0.01802	5.922 Mbps	-1.000	0.000	1.000	4.300
27.897	375	4.060	0.000	94269.0	293.000	0.089	0.00800	2.574 Mbps	0.605	10.159	0.000	-5.050
30.022	5800	3.935	0.000	1720225.0	2125.000	0.543	0.00895	6.476 Mbps	0.975	42.722	0.000	0.375
31.564	5800	4.393	0.000	1401455.0	1542.000	0.201	0.00174	7.271 Mbps	0.976	42.004	0.000	5.800
33.127	5800	4.830	0.000	1415850.0	1563.000	0.368	0.00804	7.247 Mbps	0.981	43.819	0.000	5.800
35.127	5800	4.830	0.000	1651825.0	2000.052	0.360	0.01238	6.607 Mbps	0.607	14.464	0.000	5.800
37.398	5800	4.558	0.000	1553617.0	2271.339	0.377	0.00356	5.472 Mbps	0.809	21.747	0.000	5.800
40.063	5800	3.893	0.000	1549791.0	2664.902	0.386	0.00228	4.652 Mbps	0.939	36.093	0.000	5.800
42.622	4300	3.334	0.000	1155212.0	2558.898	0.446	0.01823	3.612 Mbps	0.611	10.583	0.000	2.800
44.352	3000	3.605	0.000	758937.0	1729.828	0.322	0.00930	3.510 Mbps	0.966	39.774	0.000	1.700
46.015	3000	3.942	0.000	764632.0	1662.678	0.409	0.02514	3.679 Mbps	0.964	38.810	0.000	3.000
48.786	4300	3.170	0.000	1257347.0	2771.447	0.354	0.00773	3.629 Mbps	0.992	48.514	0.000	3.000
50.583	3000	3.373	0.000	797470.0	1797.384	0.708	0.09991	3.549 Mbps	-1.000	0.000	1.000	1.700
50.918	375	3.038	0.000	115557.0	335.000	0.749	0.01411	2.760 Mbps	-1.000	0.000	0.000	-2.250
52.926	3000	3.031	0.000	860432.0	2007.579	0.494	0.00347	3.429 Mbps	0.519	13.107	0.000	0.375
54.908	3000	3.048	0.000	830717.0	1982.377	0.844	0.14936	3.352 Mbps	0.642	11.366	0.000	3.000
56.999	3000	2.957	0.000	910409.0	2090.771	0.439	0.00432	3.484 Mbps	0.968	40.460	0.000	3.000
58.038	3000	3.919	0.000	557657.0	1038.546	0.334	0.01679	4.296 Mbps	0.978	38.581	0.000	3.000
60.097	4300	3.859	0.000	1186224.0	2059.645	0.296	0.00425	4.607 Mbps	0.973	40.294	0.000	3.000
61.869	4300	4.088	0.000	1040422.0	1771.207	0.459	0.01685	4.699 Mbps	0.974	40.293	0.000	4.300
64.349	5800	3.608	0.000	1452782.0	2480.360	0.512	0.01759	4.686 Mbps	-1.000	0.000	1.000	4.300
64.594	375	3.363	0.000	95941.0	244.856	0.543	0.00000	3.135 Mbps	0.959	34.884	0.000	-5.050
66.439	4300	3.518	0.000	1289005.0	1845.232	0.289	0.00228	5.588 Mbps	0.980	42.615	0.000	0.375
68.083	4300	3.874	0.000	1143546.0	1643.962	0.446	0.01592	5.565 Mbps	-1.000	0.000	1.000	4.300
68.340	375	3.617	0.000	104181.0	257.000	0.599	0.01183	3.243 Mbps	-1.000	0.000	0.000	-3.550
70.549	5800	3.408	0.000	1506634.0	2208.820	0.380	0.01714	5.457 Mbps	0.900	31.019	0.000	0.375
72.008	4300	3.948	0.000	1153282.0	1459.319	0.528	0.01079	6.322 Mbps	0.875	30.818	0.000	2.800
74.222	5800	3.735	0.000	1695101.0	2213.806	0.158	0.00336	6.126 Mbps	0.922	34.371	0.000	4.300
76.145	5800	3.812	0.000	1663740.0	1922.559	0.577	0.02679	6.923 Mbps	0.918	33.606	0.000	5.800
77.634	5800	4.322	0.000	1227176.0	1489.787	0.301	0.00699	6.590 Mbps	0.933	35.716	0.000	5.800
79.625	5800	4.331	0.000	1698056.0	1990.809	0.326	0.00823	6.824 Mbps	-1.000	0.000	1.000	5.800
79.915	375	4.041	0.000	113424.0	290.000	0.452	0.00000	3.129 Mbps	0.796	27.995	0.000	-5.050
81.837	5800	4.119	0.000	1636097.0	1922.000	0.453	0.00112	6.810 Mbps	0.958	37.997	0.000	0.375
83.757	5800	4.199	0.000	1520273.0	1920.000	0.291	0.00321	6.334 Mbps	0.958	36.269	0.000	5.800
85.256	5800	4.701	0.000	1488333.0	1498.698	0.186	0.00995	7.945 Mbps	0.918	30.585	0.000	5.800
87.658	5800	4.299	0.000	1567569.0	2402.000	0.547	0.01464	5.221 Mbps	0.910	29.449	0.000	5.800
89.294	5800	4.663	0.000	1381102.0	1636.000	0.403	0.00975	6.754 Mbps	0.485	10.946	0.000	5.800
91.374	5800	4.583	0.000	1668337.0	2080.000	0.369	0.01073	6.417 Mbps	-1.000	0.000	1.000	5.800
91.655	375	4.302	0.000	124800.0	281.000	0.811	0.00364	3.553 Mbps	-1.000	0.000	0.000	-5.050
93.591	5800	4.366	0.000	1613698.0	1936.000	0.434	0.00578	6.668 Mbps	0.985	41.946	0.000	0.375
95.451	5800	4.506	0.000	1677909.0	1860.000	0.444	0.01023	7.217 Mbps	-1.000	0.000	1.000	5.800
95.672	375	4.285	0.000	128640.0	221.000	0.489	0.04657	4.657 Mbps	-1.000	0.000	0.000	-5.050
97.015	5800	4.942	0.000	1269746.0	1343.000	0.206	0.00796	7.564 Mbps	0.944	26.049	0.000	0.375
98.364	5800	5.593	0.000	1150360.0	1349.000	0.227	0.00362	6.822 Mbps	0.997	46.908	0.000	5.800
100.002	5800	5.955	0.000	1260920.0	1638.205	0.280	0.01166	6.158 Mbps	-1.000	0.000	1.000	5.800
100.220	375	5.737	0.000	103470.0	217.516	0.788	0.15924	3.806 Mbps	-1.000	0.000	0.000	-5.050
102.062	5800	5.895	0.000	1273130.0	1842.472	0.459	0.01798	5.528 Mbps	0.444	8.368	0.000	0.375
104.542	5800	5.414	0.000	1135942.0	2480.223	0.369	0.00982	3.664 Mbps	0.569	10.826	0.000	5.800
106.282	5800	5.675	0.000	761002.0	1739.318	0.454	0.00022	3.500 Mbps	0.554	11.481	0.000	5.800
109.287	5800	4.670	0.000	1341515.0	3005.090	0.335	0.00583	3.571 Mbps	0.307	7.711	0.000	5.800
111.905	4300	4.052	0.000	1149216.0	2618.056	0.508	0.01446	3.512 Mbps	0.988	44.796	0.000	2.800
114.562	4300	3.395	0.000	1182031.0	2657.345	0.460	0.00078	3.559 Mbps	0.989	45.365	0.000	4.300
116.360	3000	3.597	0.000	787745.0	1797.629	0.335	0.00524	3.506 Mbps	0.501	9.566	0.000	1.700
117.984	3000	3.972	0.000	708448.0	1624.727	0.184	0.00148	3.488 Mbps	0.505	11.848	0.000	3.000
120.402	4300	3.554	0.000	1035586.0	2417.804	0.489	0.00467	3.427 Mbps	0.967	40.366	0.000	3.000
122.654	3000	3.302	0.000	970403.0	2251.892	0.532	0.01648	3.447 Mbps	-1.000	0.000	1.000	1.700
123.020	375	2.937	0.000	131131.0	365.923	0.995	0.23581	2.867 Mbps	-1.000	0.000	0.000	-2.250
125.043	3000	2.913	0.000	847039.0	2023.224	0.271	0.02364	3.349 Mbps	-1.000	0.000	1.000	0.375
125.385	375	2.571	0.000	105317.0	341.985	0.634	0.03098	2.464 Mbps	0.894	34.246	0.000	-2.250
126.700	1750	3.257	0.000	511196.0	1314.697	0.466	0.00133	3.111 Mbps	0.928	35.159	0.000	0.375
128.022	3000	3.935	0.000	683962.0	1321.740	0.778	0.10452	4.140 Mbps	-1.000	0.000	1.000	1.750
128.260	375	3.697	0.000	84431.0	238.000	0.576	0.00000	2.838 Mbps	0.930	35.301	0.000	-2.250
130.169	4300	3.788	0.000	1232752.0	1908.968	0.528	0.02200	5.166 Mbps	-1.000	0.000	1.000	0.375
130.413	375	3.544	0.000	124350.0	244.000	0.360	0.00000	4.077 Mbps	0.572	21.400	0.000	-3.550
131.893	4300	4.063	0.000	1050968.0	1480.842	0.391	0.00265	5.678 Mbps	0.961	35.788	0.000	0.375
133.976	5800	3.981	0.000	1624402.0	2082.202	0.380	0.01344	6.241 Mbps	0.973	37.644	0.000	4.300
136.072	5800	3.885	0.000	1586444.0	2096.000	0.451	0.00320	6.055 Mbps	0.973	38.895	0.000	5.800
137.647	5800	4.309	0.000	1507639.0	1575.814	0.227	0.00070	7.654 Mbps	0.372	10.451	0.000	5.800
139.751	5800	4.205	0.000	1511193.0	2104.000	0.608	0.00754	5.746 Mbps	-1.000	0.000	1.000	5.800
140.003	375	3.953	0.000	116677.0	252.000	0.157	0.00000	3.704 Mbps	0.626	23.696	0.000	-5.050
142.103	5800	3.853	0.000	1696662.0	2100.000	0.467	0.00620	6.463 Mbps	0.419	13.865	0.000	0.375
144.252	5800	3.704	0.000	1656262.0	2149.000	0.436	0.00503	6.166 Mbps	0.756	18.048	0.000	5.800
146.079	5800	3.877	0.000	1660557.0	1827.000	0.328	0.00297	7.271 Mbps	0.971	37.667	0.000	5.800
147.682	5800	4.274	0.000	1321595.0	1603.000	0.475	0.00303	6.596 Mbps	0.709	16.415	0.000	5.800
149.488	5800	4.468	0.000	1429041.0	1806.000	0.583	0.02364	6.330 Mbps	0.980	40.048	0.000	5.800
151.166	5800	4.790	0.000	1725671.0	1678.000	0.262	0.00485	8.227 Mbps	0.969	42.610	0.000	5.800
152.477	5800	5.479	0.000	1361129.0	1311.000	0.335	0.02113	8.306 Mbps	-1.000	0.000	1.000	5.800
152.707	375	5.249	0.000	97392.0	230.000	0.113	0.01806	3.388 Mbps	0.479	14.229	0.000	-5.050
154.454	5800	5.502	0.000	1470555.0	1747.000	0.432	0.00520	6.734 Mbps	0.994	49.216	0.000	0.375
156.564	5800	5.392	0.000	1707106.0	2110.000	0.350	0.01717	6.472 Mbps	0.572	12.394	0.000	5.800
158.408	5800	5.548	0.000	1521547.0	1844.000	0.308	0.00374	6.601 Mbps	0.987	44.221	0.000	5.800
160.952	5800	5.004	0.000	1813174.0	2543.726	0.460	0.02361	5.702 Mbps	0.667	13.087	0.000	5.800
163.006	5800	4.950	0.000	1624071.0	2053.879	0.426	0.01890	6.326 Mbps	0.731	15.083	0.000	5.800
165.725	5800	4.232	0.000	1846028.0	2718.969	0.307	0.00587	5.432 Mbps	0.919	18.796	0.000	5.800
167.796	5800	4.160	0.000	1352433.0	2071.206	0.377	0.01232	5.224 Mbps	0.831	16.226	0.000	5.800
170.298	5800	3.659	0.000	1372156.0	2501.672	0.332	0.00426	4.388 Mbps	0.990	46.743	0.000	5.800
173.165	4300	2.791	0.000	1271829.0	2867.404	0.643	0.07170	3.548 Mbps	-1.000	0.000	1.000	2.800
173.508	375	2.448	0.000	120683.0	343.142	0.705	0.00009	2.814 Mbps	-1.000	0.000	0.000	-3.550
174.722	1750	3.235	0.000	519770.0	1213.326	0.338	0.02235	3.427 Mbps	0.946	36.241	0.000	0.375
176.379	3000	3.578	0.000	723333.0	1657.183	0.586	0.04607	3.492 Mbps	-1.000	0.000	1.000	1.750
176.664	375	3.293	0.000	93980.0	284.918	0.105	0.01107	2.639 Mbps	0.775	15.039	0.000	-2.250
178.407	3000	3.549	0.000	762832.0	1743.308	0.605	0.02113	3.501 Mbps	0.976	41.597	0.000	0.375
180.398	3000	3.559	0.000	876289.0	1990.694	0.537	0.00236	3.522 Mbps	0.768	21.443	0.000	3.000
182.525	3000	3.431	0.000	938913.0	2127.241	0.604	0.03881	3.531 Mbps	0.859	26.490	0.000	3.000
184.750	3000	3.206	0.000	983771.0	2225.052	0.410	0.00983	3.537 Mbps	0.474	10.337	0.000	3.000
186.477	3000	3.480	0.000	755059.0	1726.359	0.487	0.00320	3.499 Mbps	0.926	34.966	0.000	3.000
188.405	3000	3.551	0.000	847926.0	1928.850	0.414	0.00093	3.517 Mbps	0.939	36.010	0.000	3.000
190.141	3000	3.816	0.000	759141.0	1735.260	0.570	0.01623	3.500 Mbps	0.442	11.764	0.000	3.000
192.255	3000	3.701	0.000	933202.0	2114.789	0.367	0.00811	3.530 Mbps	0.974	39.226	0.000	3.000
194.188	3000	3.769	0.000	849525.0	1932.337	0.552	0.00512	3.517 Mbps	0.970	38.554	0.000	3.000
195.857	3000	4.100	0.000	730514.0	1669.137	0.358	0.00636	3.501 Mbps	0.979	38.689	0.000	3.000
198.192	4300	3.765	0.000	1035382.0	2334.690	0.458	0.00260	3.548 Mbps	0.984	42.975	0.000	3.000

