1.957	3000	2.000	1.957	820609.0	1956.569	0.395	0.00159	3.355 Mbps	0.946	35.041	0.000	-17.153
2.286	375	3.670	0.000	114560.0	329.791	0.454	0.00704	2.779 Mbps	0.569	13.880	0.000	-2.250
2.596	375	5.361	0.000	109065.0	309.399	0.653	0.00000	2.820 Mbps	0.769	26.389	0.000	0.375
2.916	375	7.041	0.000	114069.0	319.924	0.709	0.00001	2.852 Mbps	0.737	23.912	0.000	0.375
3.546	1050	8.411	0.000	276027.0	630.021	0.429	0.00013	3.505 Mbps	0.407	11.288	0.000	0.375
4.187	1050	9.769	0.000	273405.0	641.783	0.606	0.00002	3.408 Mbps	0.847	29.420	0.000	1.050
5.118	1750	10.839	0.000	471228.0	930.492	0.429	0.01865	4.051 Mbps	0.924	34.177	0.000	1.050
5.988	1750	11.969	0.000	466402.0	869.809	0.589	0.02118	4.290 Mbps	-1.000	0.000	1.000	1.750
6.248	375	11.709	0.000	104529.0	260.197	0.377	0.00000	3.214 Mbps	0.847	30.112	0.000	-1.000
8.001	3000	11.955	0.000	896417.0	1753.400	0.505	0.00153	4.090 Mbps	0.628	10.873	0.000	0.375
9.331	3000	12.626	0.000	742539.0	1329.133	0.622	0.02622	4.469 Mbps	0.946	36.478	0.000	3.000
10.578	3000	13.379	0.000	795617.0	1247.284	0.486	0.00667	5.103 Mbps	0.983	37.666	0.000	3.000
12.439	4300	13.517	0.000	1262526.0	1861.544	0.618	0.02359	5.426 Mbps	0.969	35.426	0.000	3.000
14.005	4300	13.952	0.000	1074521.0	1565.601	0.414	0.00353	5.491 Mbps	0.806	14.335	0.000	4.300
15.895	4300	14.062	0.000	1178712.0	1889.662	0.267	0.00391	4.990 Mbps	0.965	34.528	0.000	4.300
17.415	4300	14.541	0.000	962332.0	1520.467	0.430	0.01412	5.063 Mbps	0.975	36.676	0.000	4.300
20.427	5800	13.530	0.000	1720225.0	3011.493	0.504	0.01623	4.570 Mbps	-1.000	0.000	1.000	4.300
20.737	375	13.219	0.000	123257.0	310.915	0.626	0.00000	3.171 Mbps	0.898	34.059	0.000	-5.050
22.881	4300	13.076	0.000	1042127.0	2143.448	0.623	0.02730	3.890 Mbps	0.672	14.293	0.000	0.375
24.571	4300	13.385	0.000	1041432.0	1690.425	0.607	0.00825	4.929 Mbps	0.829	23.164	0.000	4.300
26.388	4300	13.568	0.000	1206114.0	1816.813	0.301	0.01047	5.311 Mbps	0.983	45.258	0.000	4.300
28.041	4300	13.916	0.000	1221449.0	1652.499	0.454	0.00573	5.913 Mbps	0.976	41.825	0.000	4.300
29.464	4300	14.492	0.000	1135787.0	1423.768	0.392	0.00602	6.382 Mbps	0.565	11.611	0.000	4.300
31.380	5800	14.576	0.000	1588614.0	1916.000	0.388	0.00438	6.633 Mbps	0.967	37.452	0.000	4.300
33.042	5800	14.914	0.000	1417020.0	1662.000	0.398	0.01900	6.821 Mbps	0.981	42.247	0.000	5.800
34.835	5800	15.121	0.000	1448503.0	1793.000	0.490	0.02748	6.463 Mbps	0.816	13.322	0.000	5.800
37.283	5800	14.674	0.000	1693054.0	2447.269	0.323	0.00053	5.535 Mbps	0.995	50.735	0.000	5.800
39.679	5800	14.278	0.000	1566935.0	2396.163	0.522	0.01261	5.231 Mbps	0.912	24.918	0.000	5.800
42.350	4300	13.607	0.000	1244540.0	2671.071	0.352	0.01023	3.727 Mbps	0.431	10.571	0.000	2.800
44.897	4300	13.060	0.000	1160358.0	2547.085	0.226	0.00826	3.645 Mbps	0.983	44.342	0.000	4.300
47.688	4300	12.269	0.000	1307221.0	2790.999	0.633	0.01826	3.747 Mbps	0.880	20.826	0.000	4.300
48.985	3000	12.972	0.000	557657.0	1296.780	0.524	0.00238	3.440 Mbps	0.755	13.256	0.000	1.700
50.865	3000	13.091	0.000	791967.0	1880.464	0.293	0.02148	3.369 Mbps	0.962	38.271	0.000	3.000
53.234	4300	12.723	0.000	1040422.0	2368.331	0.462	0.00351	3.514 Mbps	0.616	11.598	0.000	3.000
54.946	3000	13.010	0.000	783613.0	1712.531	0.662	0.03406	3.661 Mbps	-1.000	0.000	1.000	1.700
55.230	375	12.726	0.000	95941.0	284.139	0.366	0.03647	2.701 Mbps	0.959	34.884	0.000	-2.250
57.173	3000	12.783	0.000	847207.0	1942.877	0.175	0.00265	3.488 Mbps	0.970	40.272	0.000	0.375
58.733	3000	13.224	0.000	836332.0	1559.823	0.392	0.00360	4.289 Mbps	-1.000	0.000	1.000	3.000
58.979	375	12.977	0.000	104181.0	246.142	0.378	0.00000	3.386 Mbps	0.867	30.363	0.000	-2.250
60.318	3000	13.639	0.000	777438.0	1338.571	0.372	0.01564	4.646 Mbps	0.333	10.980	0.000	0.375
62.271	4300	13.686	0.000	1153282.0	1953.300	0.499	0.00627	4.723 Mbps	0.784	21.726	0.000	3.000
64.410	4300	13.547	0.000	1253407.0	2138.838	0.198	0.00110	4.688 Mbps	0.888	32.682	0.000	4.300
66.306	4300	13.650	0.000	1242112.0	1896.472	0.246	0.00918	5.240 Mbps	0.882	31.868	0.000	4.300
67.658	4300	14.298	0.000	917996.0	1352.000	0.718	0.04912	5.432 Mbps	0.667	13.096	0.000	4.300
70.027	5800	13.930	0.000	1698056.0	2368.540	0.293	0.00631	5.735 Mbps	0.958	39.106	0.000	4.300
71.811	4300	14.145	0.000	1223294.0	1784.483	0.441	0.00265	5.484 Mbps	0.937	35.980	0.000	2.800
73.236	4300	14.720	0.000	1125330.0	1424.772	0.523	0.00491	6.319 Mbps	0.938	34.335	0.000	4.300
75.158	5800	14.798	0.000	1488333.0	1921.999	0.436	0.00393	6.195 Mbps	0.918	30.585	0.000	4.300
77.172	5800	14.784	0.000	1567569.0	2014.000	0.474	0.02652	6.227 Mbps	-1.000	0.000	1.000	5.800
77.369	375	14.587	0.000	86056.0	197.000	0.632	0.00441	3.495 Mbps	-1.000	0.000	0.000	-5.050
79.035	5800	14.921	0.000	1381102.0	1666.000	0.410	0.01282	6.632 Mbps	0.718	17.171	0.000	0.375
81.259	5800	14.697	0.000	1668337.0	2224.000	0.572	0.03333	6.001 Mbps	-1.000	0.000	1.000	5.800
81.493	375	14.463	0.000	124800.0	234.000	0.351	0.00000	4.267 Mbps	0.739	25.837	0.000	-5.050
83.650	5800	14.306	0.000	1613698.0	2157.000	0.491	0.04304	5.985 Mbps	0.985	41.946	0.000	0.375
85.669	5800	14.287	0.000	1677909.0	2019.000	0.270	0.00205	6.648 Mbps	0.985	41.871	0.000	5.800
86.840	4300	15.116	0.000	933210.0	1171.000	0.092	0.00122	6.375 Mbps	-1.000	0.000	1.000	2.800
87.036	375	14.920	0.000	94558.0	196.000	0.578	0.00000	3.860 Mbps	0.751	26.199	0.000	-3.550
88.467	5800	15.489	0.000	1150360.0	1431.000	0.413	0.00712	6.431 Mbps	0.997	46.908	0.000	0.375
90.209	5800	15.747	0.000	1260920.0	1742.000	0.540	0.01208	5.791 Mbps	0.526	11.112	0.000	5.800
91.938	5800	16.018	0.000	1273130.0	1729.000	0.609	0.04912	5.891 Mbps	-1.000	0.000	1.000	5.800
92.185	375	15.771	0.000	109614.0	247.000	0.084	0.00651	3.550 Mbps	0.552	12.793	0.000	-5.050
93.638	5800	16.318	0.000	1135942.0	1453.000	0.584	0.00352	6.254 Mbps	0.484	5.221	0.000	0.375
94.449	5800	17.507	0.000	761002.0	811.000	0.272	0.01277	7.507 Mbps	-1.000	0.000	1.000	5.800
94.601	375	17.355	0.000	71062.0	152.000	0.333	0.00000	3.740 Mbps	0.814	21.064	0.000	-5.050
96.251	5800	17.705	0.000	1341515.0	1650.000	0.418	0.00896	6.504 Mbps	0.989	44.877	0.000	0.375
98.097	5800	17.859	0.000	1527061.0	1846.000	0.368	0.00611	6.618 Mbps	0.484	8.940	0.000	5.800
100.073	5800	17.883	0.000	1618765.0	1976.000	0.435	0.01583	6.554 Mbps	0.699	14.144	0.000	5.800
102.223	5800	17.734	0.000	1562534.0	2149.852	0.391	0.01091	5.814 Mbps	-1.000	0.000	1.000	5.800
102.491	375	17.465	0.000	125931.0	268.449	0.186	0.00000	3.753 Mbps	0.909	29.726	0.000	-5.050
105.030	5800	16.927	0.000	1382285.0	2538.158	0.442	0.00181	4.357 Mbps	0.993	47.665	0.000	0.375
108.300	5800	15.657	0.000	1463120.0	3270.242	0.530	0.01790	3.579 Mbps	0.831	19.960	0.000	5.800
112.021	5800	13.935	0.000	1655357.0	3721.665	0.424	0.00458	3.558 Mbps	0.987	45.536	0.000	5.800
114.857	4300	13.099	0.000	1263953.0	2835.971	0.331	0.00771	3.565 Mbps	0.841	21.093	0.000	2.800
117.588	4300	12.369	0.000	1215517.0	2730.359	0.375	0.00987	3.561 Mbps	-1.000	0.000	1.000	4.300
117.912	375	12.045	0.000	112015.0	324.242	0.121	0.00666	2.764 Mbps	0.568	13.596	0.000	-3.550
119.483	3000	12.473	0.000	683962.0	1571.337	0.203	0.00801	3.482 Mbps	0.684	12.718	0.000	0.375
121.606	3000	12.350	0.000	883799.0	2122.953	0.610	0.04928	3.330 Mbps	0.873	27.443	0.000	3.000
123.447	3000	12.509	0.000	734871.0	1840.831	0.320	0.00661	3.194 Mbps	0.941	33.199	0.000	3.000
125.442	3000	12.514	0.000	827351.0	1995.150	0.209	0.00935	3.317 Mbps	0.942	32.977	0.000	3.000
127.193	3000	12.763	0.000	815695.0	1750.982	0.555	0.01227	3.727 Mbps	0.951	35.295	0.000	3.000
128.739	3000	13.217	0.000	786164.0	1546.000	0.342	0.01585	4.068 Mbps	-1.000	0.000	1.000	3.000
128.960	375	12.996	0.000	102173.0	220.835	0.491	0.00000	3.701 Mbps	0.827	29.102	0.000	-2.250
130.342	3000	13.614	0.000	863101.0	1382.315	0.538	0.00471	4.995 Mbps	0.603	16.127	0.000	0.375
132.110	4300	13.847	0.000	1259456.0	1767.529	0.434	0.01279	5.700 Mbps	0.561	15.128	0.000	3.000
133.732	4300	14.225	0.000	1259182.0	1622.071	0.309	0.01009	6.210 Mbps	0.519	14.344	0.000	4.300
135.449	4300	14.508	0.000	1251521.0	1717.000	0.475	0.00870	5.831 Mbps	-1.000	0.000	1.000	4.300
135.665	375	14.292	0.000	119208.0	215.647	0.536	0.00000	4.422 Mbps	0.610	23.499	0.000	-3.550
136.854	4300	15.103	0.000	980361.0	1189.000	0.326	0.01544	6.596 Mbps	-1.000	0.000	1.000	0.375
137.059	375	14.898	0.000	85990.0	205.000	0.424	0.03325	3.356 Mbps	0.604	23.364	0.000	-3.550
138.776	5800	15.181	0.000	1429041.0	1717.000	0.483	0.00334	6.658 Mbps	0.980	40.048	0.000	0.375
140.861	5800	15.096	0.000	1725671.0	2085.000	0.473	0.00644	6.621 Mbps	0.783	16.268	0.000	5.800
142.338	5800	15.619	0.000	1361129.0	1477.000	0.215	0.00269	7.372 Mbps	0.515	13.072	0.000	5.800
144.333	5800	15.624	0.000	1470555.0	1995.000	0.520	0.00836	5.897 Mbps	-1.000	0.000	1.000	5.800
144.519	375	15.438	0.000	100734.0	186.000	0.057	0.00000	4.333 Mbps	0.934	35.172	0.000	-5.050
146.281	5800	15.676	0.000	1707106.0	1762.000	0.317	0.00429	7.751 Mbps	0.978	44.779	0.000	0.375
147.873	5800	16.084	0.000	1521547.0	1592.000	0.226	0.00311	7.646 Mbps	0.987	44.221	0.000	5.800
150.050	5800	15.907	0.000	1813174.0	2177.000	0.509	0.06165	6.663 Mbps	0.979	41.675	0.000	5.800
152.074	5800	15.883	0.000	1624071.0	2024.000	0.554	0.01190	6.419 Mbps	0.980	42.506	0.000	5.800
154.279	5800	15.678	0.000	1846028.0	2205.000	0.425	0.01111	6.698 Mbps	0.984	43.654	0.000	5.800
155.986	5800	15.971	0.000	1352433.0	1707.000	0.384	0.02102	6.338 Mbps	-1.000	0.000	1.000	5.800
156.195	375	15.762	0.000	91958.0	209.000	0.550	0.00000	3.520 Mbps	0.769	27.011	0.000	-5.050
157.918	5800	16.039	0.000	1372156.0	1723.000	0.375	0.00499	6.371 Mbps	0.990	46.743	0.000	0.375
160.212	5800	15.745	0.000	1713934.0	2294.263	0.594	0.02231	5.976 Mbps	-1.000	0.000	1.000	5.800
160.482	375	15.475	0.000	120683.0	270.000	0.526	0.00739	3.576 Mbps	0.846	20.995	0.000	-5.050
162.809	5800	15.147	0.000	1719241.0	2327.531	0.522	0.00865	5.909 Mbps	0.985	45.350	0.000	0.375
164.757	5800	15.200	0.000	1423400.0	1947.362	0.374	0.00372	5.847 Mbps	0.988	46.856	0.000	5.800
167.016	5800	14.940	0.000	1420102.0	2259.251	0.400	0.00295	5.029 Mbps	0.732	12.088	0.000	5.800
169.514	5800	14.442	0.000	1606277.0	2498.002	0.392	0.00745	5.144 Mbps	0.461	11.352	0.000	5.800
172.973	5800	12.984	0.000	1733100.0	3458.873	0.369	0.03418	4.008 Mbps	-1.000	0.000	1.000	5.800
173.319	375	12.638	0.000	121984.0	345.979	0.358	0.00854	2.821 Mbps	0.362	11.487	0.000	-5.050
175.544	3000	12.413	0.000	983771.0	2225.052	0.346	0.00089	3.537 Mbps	0.711	17.015	0.000	0.375
177.270	3000	12.686	0.000	755059.0	1726.359	0.186	0.00425	3.499 Mbps	0.926	34.966	0.000	3.000
179.199	3000	12.757	0.000	847926.0	1928.850	0.247	0.00020	3.517 Mbps	0.424	12.361	0.000	3.000
180.934	3000	13.022	0.000	759141.0	1735.260	0.652	0.13163	3.500 Mbps	-1.000	0.000	1.000	3.000
181.238	375	12.718	0.000	102655.0	303.833	0.399	0.04170	2.703 Mbps	-1.000	0.000	0.000	-2.250
183.353	3000	12.603	0.000	933202.0	2114.789	0.236	0.00888	3.530 Mbps	0.974	39.226	0.000	0.375
185.285	3000	12.671	0.000	849525.0	1932.337	0.544	0.00613	3.517 Mbps	-1.000	0.000	1.000	3.000
185.609	375	12.347	0.000	111771.0	323.710	0.138	0.00000	2.762 Mbps	0.874	30.397	0.000	-2.250
187.282	3000	12.675	0.000	730514.0	1672.840	0.542	0.00813	3.494 Mbps	0.979	38.689	0.000	0.375
188.902	3000	13.055	0.000	706129.0	1619.670	0.516	0.00318	3.488 Mbps	0.974	38.155	0.000	3.000

