1.175	1050	2.000	1.175	301399.0	1175.000	0.044	0.00000	2.052 Mbps	0.884	30.719	0.000	-11.053
3.151	3000	2.024	0.000	890957.0	1975.896	0.119	0.00000	3.607 Mbps	0.946	34.932	0.000	1.050
4.906	3000	2.269	0.000	842741.0	1754.874	0.237	0.00250	3.842 Mbps	0.667	15.581	0.000	3.000
6.517	3000	2.658	0.000	871216.0	1611.000	0.220	0.00109	4.326 Mbps	0.659	15.322	0.000	3.000
8.105	3000	3.070	0.000	788170.0	1588.000	0.145	0.00044	3.971 Mbps	0.457	14.037	0.000	3.000
9.833	4300	3.342	0.000	1054838.0	1728.173	0.106	0.00000	4.883 Mbps	0.936	34.189	0.000	3.000
11.463	4300	3.712	0.000	1132110.0	1630.000	0.061	0.00000	5.556 Mbps	0.962	38.371	0.000	4.300
13.695	5800	3.480	0.000	1495913.0	2232.000	0.204	0.00426	5.362 Mbps	0.973	40.353	0.000	4.300
16.477	5800	2.698	0.000	1737905.0	2182.284	0.142	0.00117	4.997 Mbps	0.977	41.776	0.000	5.800
19.090	5800	2.085	0.000	1444726.0	2013.161	0.046	0.00000	4.423 Mbps	0.971	39.945	0.000	5.800
21.290	4300	2.000	0.115	1114493.0	2199.564	0.164	0.00301	4.054 Mbps	0.992	43.768	0.000	1.616
23.202	3000	2.088	0.000	879925.0	1911.740	0.139	0.00302	3.682 Mbps	0.945	32.271	0.000	1.700
24.697	3000	2.593	0.000	758335.0	1495.000	0.114	0.00000	4.058 Mbps	0.939	32.187	0.000	3.000
26.471	4300	2.819	0.000	1178712.0	1774.000	0.086	0.00052	5.315 Mbps	-1.000	0.000	1.000	3.000
26.698	375	2.592	0.000	102320.0	226.862	        0.196	0.00000	3.608 Mbps	0.749	23.369	0.000	-3.550
28.929	5800	2.361	0.000	1318941.0	2231.000	0.352	0.00890	4.730 Mbps	0.983	38.740	0.000	0.375
31.600	5800	2.000	0.310	1720225.0	2671.000	0.286	0.01431	5.152 Mbps	0.975	42.722	0.000	2.611
33.820	5800	2.000	0.220	1401455.0	2220.000	0.068	0.00114	5.050 Mbps	-1.000	0.000	1.000	3.534
34.073	375	2.000	0.253	95143.0	        253.000	        0.046	0.00000	3.008 Mbps	0.902	33.330	0.000	-7.656
36.159	5800	2.000	0.086	1415850.0	2086.000	0.058	0.00048	5.430 Mbps	0.981	43.819	0.000	-0.511
38.369	4300	2.000	0.210	1206114.0	2210.000	0.213	0.00891	4.366 Mbps	0.983	45.258	0.000	0.637
40.817	4300	2.000	0.000	1221449.0	1748.732	0.055	0.00000	3.990 Mbps	0.976	41.825	0.000	1.398
42.701	3000	2.116	0.000	827615.0	1884.183	0.148	0.00112	3.514 Mbps	0.879	33.058	0.000	1.700
44.484	3000	2.334	0.000	781364.0	1782.305	0.094	0.00000	3.507 Mbps	0.934	33.652	0.000	3.000
46.605	3000	2.213	0.000	758937.0	2121.000	0.437	0.00905	2.863 Mbps	0.966	39.774	0.000	3.000
48.357	3000	2.461	0.000	764632.0	1751.757	0.240	0.00188	3.492 Mbps	0.964	38.810	0.000	3.000
50.375	3000	2.443	0.000	862347.0	2018.111	0.198	0.00098	3.418 Mbps	0.988	46.158	0.000	3.000
52.168	3000	2.649	0.000	797470.0	1793.484	0.158	0.00052	3.557 Mbps	0.836	21.644	0.000	3.000
54.248	3000	2.569	0.000	860432.0	2080.117	0.199	0.00030	3.309 Mbps	0.972	38.839	0.000	3.000
55.997	3000	2.820	0.000	830717.0	1748.765	0.049	0.00000	3.800 Mbps	0.976	42.048	0.000	3.000
57.846	3000	2.972	0.000	910409.0	1848.582	0.185	0.00100	3.940 Mbps	0.968	40.460	0.000	3.000
59.369	4300	3.449	0.000	786688.0	1523.000	0.066	0.00000	4.132 Mbps	0.989	42.858	0.000	3.000
61.350	4300	3.468	0.000	1186224.0	1981.120	0.105	0.00014	4.790 Mbps	0.619	11.282	0.000	4.300
63.236	4300	3.582	0.000	1040422.0	1886.000	0.269	0.00313	4.413 Mbps	0.703	13.853	0.000	4.300
65.199	4300	3.619	0.000	1096651.0	1963.000	0.132	0.00183	4.469 Mbps	0.989	44.828	0.000	4.300
67.238	4300	3.580	0.000	1289005.0	2039.000	0.162	0.00094	5.057 Mbps	0.980	42.615	0.000	4.300
69.841	5800	2.977	0.000	1552646.0	2603.000	0.114	0.00628	4.772 Mbps	0.978	40.686	0.000	4.300
72.112	5800	2.706	0.000	1506634.0	2271.000	0.101	0.00056	5.307 Mbps	0.900	31.019	0.000	5.800
74.259	5800	2.559	0.000	1563987.0	2147.000	0.097	0.00128	5.828 Mbps	-1.000	0.000	1.000	5.800
74.575	375	2.243	0.000	103641.0	316.000	        0.097	0.00000	2.624 Mbps	0.625	24.540	0.000	-5.050
76.721	5800	2.097	0.000	1695101.0	2146.000	0.071	0.00375	6.319 Mbps	0.922	34.371	0.000	0.375
79.074	5800	2.000	0.256	1663740.0	2353.000	0.199	0.00630	5.657 Mbps	0.918	33.606	0.000	3.159
81.259	5800	2.000	0.185	1227176.0	2185.000	0.288	0.00803	4.493 Mbps	0.933	35.716	0.000	3.894
84.082	5800	2.000	0.000	1698056.0	2823.000	0.283	0.00978	4.812 Mbps	0.958	39.106	0.000	0.77
86.637	5800	2.000	0.000	1636097.0	2555.000	0.095	0.00118	5.123 Mbps	0.529	16.368	0.000	2.231
88.779	5800	2.000	0.142	1520273.0	2142.000	0.227	0.00351	5.678 Mbps	0.958	36.269	0.000	4.337
90.713	5800	2.066	0.000	1488333.0	1934.000	0.100	0.00098	6.156 Mbps	0.918	30.585	0.000	5.800
92.890	5800	2.000	0.111	1567569.0	2177.000	0.093	0.00044	5.760 Mbps	0.910	29.449	0.000	4.657
94.934	5800	2.000	0.044	1381102.0	2044.000	0.142	0.00409	5.405 Mbps	-1.000	0.000	1.000	5.347
95.252	375	2.000	0.318	122891.0	318.000	        0.046	0.00000	3.092 Mbps	0.747	25.935	0.000	-8.325
97.687	5800	2.000	0.000	1668337.0	1835.000	0.159	0.00097	5.481 Mbps	0.779	18.714	0.000	2.389
100.094	5800	2.000	0.000	1613698.0	1807.000	0.222	0.00641	5.363 Mbps	0.414	10.287	0.000	3.328
102.781	5800	2.000	0.000	1677909.0	1687.456	0.151	0.00004	4.995 Mbps	0.985	41.871	0.000	2.081
104.928	4300	2.000	0.147	933210.0	2146.657	0.059	0.00000	3.478 Mbps	0.976	39.628	0.000	1.289
107.084	4300	2.000	0.156	952255.0	2156.333	0.148	0.00100	3.533 Mbps	-1.000	0.000	1.000	2.690
107.449	375	2.000	0.365	109558.0	365.000	        0.698	0.10492	2.401 Mbps	-1.000	0.000	0.000	-7.309
108.644	1050	2.805	0.000	265511.0	1195.000	0.076	0.00000	1.777 Mbps	0.833	22.396	0.000	0.375
110.352	3000	3.097	0.000	692220.0	1708.000	0.205	0.00000	3.242 Mbps	0.930	26.763	0.000	1.050
111.884	3000	3.565	0.000	644403.0	1531.975	0.212	0.00096	3.365 Mbps	0.875	16.491	0.000	3.000
113.357	4300	4.092	0.000	637803.0	1473.000	0.043	0.00000	3.464 Mbps	0.999	53.054	0.000	3.000
115.650	4300	3.800	0.000	1014684.0	2292.455	0.359	0.00873	3.541 Mbps	0.985	43.390	0.000	4.300
118.235	4300	3.214	0.000	1149216.0	2585.794	0.235	0.00050	3.555 Mbps	0.562	12.219	0.000	4.300
121.076	4300	2.374	0.000	1182031.0	2840.181	0.037	0.00000	3.329 Mbps	0.989	45.365	0.000	4.300
122.875	3000	2.575	0.000	787745.0	1799.085	0.155	0.00000	3.503 Mbps	0.980	37.941	0.000	1.700
124.626	3000	2.823	0.000	708448.0	1751.310	0.088	0.00000	3.236 Mbps	0.980	37.884	0.000	3.000
126.344	3000	3.105	0.000	705121.0	1718.477	0.162	0.00000	3.283 Mbps	0.953	38.018	0.000	3.000
128.031	3000	3.418	0.000	970403.0	1687.000	0.031	0.00000	4.602 Mbps	0.973	40.998	0.000	3.000
129.621	3000	3.828	0.000	847039.0	1590.000	0.058	0.00000	4.262 Mbps	0.954	40.046	0.000	3.000
132.071	5800	3.378	0.000	1584844.0	2450.000	0.211	0.00339	5.175 Mbps	0.985	43.565	0.000	3.000
134.241	5800	3.208	0.000	1346286.0	2170.000	0.211	0.00742	4.963 Mbps	0.985	45.283	0.000	5.800
136.614	5800	2.835	0.000	1661679.0	2373.000	0.145	0.00132	5.602 Mbps	0.940	31.456	0.000	5.800
138.772	5800	2.677	0.000	1414228.0	2158.000	0.217	0.00378	5.243 Mbps	-1.000	0.000	1.000	5.800
139.035	375	2.414	0.000	102982.0	263.000	        0.164	0.00000	3.133 Mbps	0.744	25.505	0.000	-5.050
141.511	5800	2.000	0.062	1624402.0	2476.000	0.316	0.00979	5.248 Mbps	0.371	9.514	0.000	-0.266
143.596	5800	2.000	0.085	1586444.0	2085.000	0.074	0.00000	6.087 Mbps	0.973	38.895	0.000	4.925
145.838	5800	2.000	0.242	1507639.0	2242.000	0.240	0.00740	5.380 Mbps	-1.000	0.000	1.000	3.307
146.085	375	2.000	0.247	102173.0	247.000	        0.054	0.00000	3.309 Mbps	0.827	29.102	0.000	-7.594
148.298	5800	2.000	0.213	1511193.0	2213.000	0.150	0.00419	5.463 Mbps	0.462	13.825	0.000	-1.819
151.072	5800	2.000	0.274	1696662.0	2174.000	0.304	0.00683	4.893 Mbps	0.329	11.768	0.000	-0.002
153.661	5800	2.000	0.089	1656262.0	1589.000	0.401	0.01130	5.118 Mbps	-1.000	0.000	1.000	 1.883
153.888	375	2.000	0.227	120203.0	227.000	        0.034	0.00000	4.236 Mbps	0.596	23.355	0.000	-7.388
156.477	5800	2.000	0.000	1660557.0	1589.000	0.260	0.00385	5.131 Mbps	0.840	21.763	0.000	-2.992
158.393	5800	2.084	0.000	1321595.0	1916.000	0.135	0.00050	5.518 Mbps	0.972	37.773	0.000	5.800
160.654	5800	2.000	0.000	1429041.0	1861.000	0.242	0.00764	5.056 Mbps	-1.000	0.000	1.000	4.543
160.922	375	2.000	0.268	104418.0	268.000	        0.021	0.00000	3.117 Mbps	0.811	27.003	0.000	-7.810
162.928	4300	2.000	0.006	1271918.0	2006.000	0.264	0.00040	5.072 Mbps	0.958	41.398	0.000	0.313
165.217	5800	2.000	0.289	1361129.0	2289.000	0.225	0.00062	4.757 Mbps	0.981	40.508	0.000	1.323
167.502	5800	2.000	0.284	1470555.0	2284.352	0.066	0.00000	5.150 Mbps	0.994	49.216	0.000	2.871
169.810	4300	2.000	0.309	1241797.0	2308.511	0.103	0.00239	4.303 Mbps	0.966	42.872	0.000	-0.378
171.662	3000	2.148	0.000	801374.0	1851.772	0.159	0.00000	3.462 Mbps	0.954	34.110	0.000	1.700
173.925	3000	2.000	0.115	987840.0	2263.000	0.435	0.01275	3.492 Mbps	0.626	12.755	0.000	1.818
175.796	3000	2.129	0.000	821455.0	1871.132	0.089	0.00046	3.512 Mbps	0.953	33.985	0.000	3.000
177.917	3000	2.008	0.000	935948.0	2120.776	0.111	0.00000	3.531 Mbps	0.955	33.857	0.000	3.000
179.516	3000	2.409	0.000	696800.0	1599.329	0.201	0.00001	3.485 Mbps	0.927	33.009	0.000	3.000
181.200	3000	2.725	0.000	735626.0	1683.987	0.197	0.00000	3.495 Mbps	0.963	39.498	0.000	3.000
183.278	3000	2.647	0.000	916137.0	2077.580	0.070	0.00051	3.528 Mbps	0.969	40.411	0.000	3.000
185.348	3000	2.577	0.000	871106.0	2070.000	0.334	0.00757	3.367 Mbps	0.768	15.858	0.000	3.000
187.005	3000	2.920	0.000	723333.0	1657.183	0.139	0.00045	3.492 Mbps	0.973	40.844	0.000	3.000
188.748	3000	3.177	0.000	762832.0	1743.308	0.110	0.00000	3.501 Mbps	0.976	41.597	0.000	3.000
190.739	3000	3.186	0.000	876289.0	1990.694	0.022	0.00000	3.522 Mbps	0.877	26.995	0.000	3.000
192.866	3000	3.059	0.000	938913.0	2127.241	0.090	0.00000	3.531 Mbps	0.859	26.490	0.000	3.000
195.081	3000	2.844	0.000	983771.0	2214.840	0.271	0.00151	3.553 Mbps	0.938	32.875	0.000	3.000
196.845	3000	3.080	0.000	755059.0	1763.445	0.103	0.00095	3.425 Mbps	0.926	34.966	0.000	3.000
198.481	3000	3.444	0.000	847926.0	1636.000	0.226	0.00092	4.146 Mbps	0.536	13.875	0.000	3.000
200.472	4300	3.453	0.000	1069005.0	1991.000	0.229	0.00182	4.295 Mbps	0.979	43.699	0.000	3.000
202.583	4300	3.342	0.000	1274531.0	2111.871	0.094	0.00050	4.828 Mbps	0.982	42.943	0.000	4.300
206.160	5800	2.000	0.235	1724153.0	3576.288	0.280	0.00897	3.857 Mbps	0.985	43.631	0.000	1.883
207.833	3000	2.327	0.000	730514.0	1672.840	0.069	0.00000	3.494 Mbps	0.979	38.689	0.000	0.200
210.416	4300	2.000	0.256	1035382.0	2583.615	0.209	0.00113	3.206 Mbps	0.984	42.975	0.000	0.359

