0.822	1050	2.000	0.822	301399.0	821.881	0.349	0.00000	2.934 Mbps	0.884	30.719	0.000	-7.415
1.154	375	3.668	0.000	114560.0	332.316	0.360	0.00000	2.758 Mbps	0.778	26.698	0.000	-0.300
1.474	375	5.347	0.000	109065.0	320.213	0.279	0.00000	2.725 Mbps	0.769	26.389	0.000	0.375
1.803	375	7.019	0.000	114069.0	328.720	0.143	0.00000	2.776 Mbps	0.787	27.060	0.000	0.375
2.485	1050	8.337	0.000	276027.0	681.860	0.099	0.00000	3.239 Mbps	0.869	29.904	0.000	0.375
3.140	1050	9.682	0.000	273405.0	655.059	0.070	0.00000	3.339 Mbps	0.847	29.420	0.000	1.050
4.168	1750	10.654	0.000	471228.0	1027.945	0.251	0.00126	3.667 Mbps	0.924	34.177	0.000	1.050
5.086	1750	11.736	0.000	466402.0	917.801	0.240	0.00935	4.065 Mbps	0.627	11.626	0.000	1.750
6.704	3000	12.118	0.000	896417.0	1617.791	0.248	0.00297	4.433 Mbps	0.961	38.436	0.000	1.750
8.246	3000	12.576	0.000	742539.0	1542.224	0.158	0.00432	3.852 Mbps	0.946	36.478	0.000	3.000
9.671	3000	13.151	0.000	795617.0	1425.442	0.334	0.00000	4.465 Mbps	0.983	37.666	0.000	3.000
11.449	4300	13.373	0.000	1262526.0	1777.364	0.328	0.00139	5.683 Mbps	0.969	35.426	0.000	3.000
13.036	4300	13.786	0.000	1074521.0	1587.007	0.338	0.00000	5.417 Mbps	0.961	34.653	0.000	4.300
14.745	4300	14.077	0.000	1178712.0	1709.721	0.084	0.01048	5.515 Mbps	-1.000	0.000	1.000	4.300
14.982	375	13.840	0.000	102320.0	236.507	0.488	0.00000	3.461 Mbps	0.749	23.369	0.000	-3.550
16.609	4300	14.213	0.000	962332.0	1627.081	0.141	0.00315	4.732 Mbps	-1.000	0.000	1.000	0.375
16.833	375	13.989	0.000	94269.0	224.041	0.347	0.00000	3.366 Mbps	0.817	24.749	0.000	-3.550
18.986	4300	13.836	0.000	1265449.0	2152.558	0.312	0.00000	4.703 Mbps	0.967	41.167	0.000	0.375
21.008	4300	13.814	0.000	1042127.0	2022.431	0.412	0.00000	4.122 Mbps	0.968	40.483	0.000	4.300
23.110	4300	13.712	0.000	1041432.0	2102.025	0.301	0.00397	3.964 Mbps	0.658	14.581	0.000	4.300
25.006	4300	13.815	0.000	1206114.0	1896.441	0.335	0.00088	5.088 Mbps	-1.000	0.000	1.000	4.300
25.241	375	13.581	0.000	106433.0	234.648	0.222	0.01609	3.629 Mbps	-1.000	0.000	0.000	-3.550
26.995	4300	13.827	0.000	1221449.0	1754.109	0.192	0.00000	5.571 Mbps	0.976	41.825	0.000	0.375
28.591	4300	14.231	0.000	1135787.0	1595.602	0.275	0.00000	5.695 Mbps	0.901	34.005	0.000	4.300
29.912	4300	14.910	0.000	1155212.0	1320.927	0.065	0.00000	6.996 Mbps	0.953	35.672	0.000	4.300
31.116	4300	15.706	0.000	1082639.0	1204.096	0.284	0.00369	7.193 Mbps	-1.000	0.000	1.000	4.300
31.279	375	15.543	0.000	100248.0	163.444	0.347	0.00000	4.907 Mbps	0.932	35.251	0.000	-3.550
32.646	5800	16.175	0.000	1448503.0	1367.215	0.128	0.00000	8.476 Mbps	0.982	42.512	0.000	0.375
34.308	5800	16.514	0.000	1693054.0	1661.729	0.173	0.00000	8.151 Mbps	0.995	50.735	0.000	5.800
36.202	5800	16.620	0.000	1566935.0	1894.129	0.221	0.00000	6.618 Mbps	0.989	44.088	0.000	5.800
38.641	5800	16.181	0.000	1638624.0	2438.805	0.205	0.00504	5.375 Mbps	0.516	14.065	0.000	5.800
41.670	5800	15.152	0.000	1581328.0	3028.447	0.201	0.00000	4.177 Mbps	0.987	45.843	0.000	5.800
45.562	5800	13.260	0.000	1778284.0	3892.647	0.197	0.00000	3.655 Mbps	0.981	43.576	0.000	5.800
47.412	4300	13.409	0.000	786688.0	1850.239	0.141	0.00372	3.401 Mbps	0.724	12.628	0.000	2.800
50.112	4300	12.710	0.000	1186224.0	2699.186	0.099	0.00000	3.516 Mbps	0.973	40.294	0.000	4.300
51.795	3000	13.027	0.000	735345.0	1683.374	0.178	0.00443	3.495 Mbps	-1.000	0.000	1.000	1.700
52.075	375	12.747	0.000	96233.0	279.705	0.361	0.00000	2.752 Mbps	0.895	31.437	0.000	-2.250
53.950	3000	12.872	0.000	783613.0	1875.281	0.373	0.00474	3.343 Mbps	0.982	41.881	0.000	0.375
55.818	3000	13.004	0.000	847207.0	1867.845	0.137	0.00000	3.629 Mbps	0.970	40.272	0.000	3.000
58.288	4300	12.534	0.000	1143546.0	2469.722	0.260	0.00000	3.704 Mbps	0.969	38.997	0.000	3.000
59.658	3000	13.164	0.000	777438.0	1370.076	0.182	0.00000	4.540 Mbps	0.834	28.658	0.000	1.700
61.654	4300	13.168	0.000	1153282.0	1996.281	0.259	0.00624	4.622 Mbps	-1.000	0.000	1.000	3.000
61.937	375	12.885	0.000	103641.0	283.029	0.482	0.00000	2.929 Mbps	0.625	24.540	0.000	-3.550
63.634	3000	13.188	0.000	887327.0	1697.240	0.033	0.00000	4.182 Mbps	0.866	31.106	0.000	0.375
65.719	4300	13.103	0.000	1242112.0	2084.404	0.326	0.00156	4.767 Mbps	-1.000	0.000	1.000	3.000
65.959	375	12.863	0.000	112021.0	240.187	0.453	0.00000	3.731 Mbps	0.663	25.151	0.000	-3.550
66.952	3000	13.870	0.000	640974.0	993.515	0.188	0.00358	5.161 Mbps	0.876	31.729	0.000	0.375
68.720	4300	14.101	0.000	1245214.0	1768.179	0.164	0.01745	5.634 Mbps	-1.000	0.000	1.000	3.000
68.933	375	13.888	0.000	113424.0	212.903	0.096	0.00000	4.262 Mbps	0.796	27.995	0.000	-3.550
70.795	4300	14.026	0.000	1223294.0	1862.032	0.121	0.00002	5.256 Mbps	0.937	35.980	0.000	0.375
72.208	4300	14.614	0.000	1125330.0	1412.402	0.143	0.00000	6.374 Mbps	0.938	34.335	0.000	4.300
73.595	4300	15.227	0.000	1095428.0	1387.007	0.044	0.00000	6.318 Mbps	0.880	28.478	0.000	4.300
75.599	5800	15.223	0.000	1567569.0	2004.359	0.148	0.00000	6.257 Mbps	0.910	29.449	0.000	4.300
77.237	5800	15.585	0.000	1381102.0	1637.539	0.165	0.00110	6.747 Mbps	0.977	39.181	0.000	5.800
79.227	5800	15.595	0.000	1668337.0	1990.476	0.158	0.00426	6.705 Mbps	-1.000	0.000	1.000	5.800
79.459	375	15.363	0.000	124800.0	232.108	0.148	0.13993	4.301 Mbps	-1.000	0.000	0.000	-5.050
81.462	5800	15.360	0.000	1613698.0	2002.674	0.272	0.00255	6.446 Mbps	0.450	10.733	0.000	0.375
83.438	5800	15.384	0.000	1677909.0	1975.901	0.098	0.00000	6.793 Mbps	0.985	41.871	0.000	5.800
84.767	5800	16.055	0.000	1269746.0	1328.974	0.229	0.00000	7.643 Mbps	0.983	41.297	0.000	5.800
86.001	5800	16.821	0.000	1150360.0	1234.023	0.209	0.00493	7.458 Mbps	-1.000	0.000	1.000	5.800
86.181	375	16.641	0.000	109558.0	179.737	0.205	0.00000	4.876 Mbps	0.746	19.657	0.000	-5.050
87.375	5800	17.446	0.000	1260920.0	1194.822	0.057	0.00000	8.443 Mbps	0.994	43.945	0.000	0.375
88.515	5800	18.307	0.000	1273130.0	1139.728	0.168	0.00000	8.936 Mbps	0.998	48.983	0.000	5.800
89.621	5800	19.200	0.000	1135942.0	1106.220	0.198	0.00000	8.215 Mbps	0.998	47.964	0.000	5.800
90.335	5800	20.487	0.000	761002.0	713.443	0.207	0.00000	8.533 Mbps	0.999	55.204	0.000	5.800
91.531	5800	21.290	0.000	1341515.0	1196.650	0.124	0.00361	8.968 Mbps	-1.000	0.000	1.000	5.800
91.708	375	21.114	0.000	116404.0	176.892	0.218	0.00000	5.264 Mbps	0.892	29.214	0.000	-5.050
93.059	5800	21.762	0.000	1527061.0	1351.095	0.191	0.00000	9.042 Mbps	0.991	46.438	0.000	0.375
94.487	5800	22.335	0.000	1618765.0	1427.427	0.106	0.00097	9.072 Mbps	-1.000	0.000	1.000	5.800
94.667	375	22.155	0.000	120267.0	180.108	0.202	0.05248	5.342 Mbps	-1.000	0.000	0.000	-5.050
96.048	5800	22.774	0.000	1562534.0	1380.622	0.298	0.00000	9.054 Mbps	0.993	47.684	0.000	0.375
97.278	5800	23.544	0.000	1382285.0	1230.586	0.177	0.00000	8.986 Mbps	0.993	47.665	0.000	5.800
98.831	5800	23.990	0.000	1463120.0	1553.167	0.111	0.00000	7.536 Mbps	0.978	42.438	0.000	5.800
100.683	5800	24.139	0.000	1655357.0	1851.878	0.069	0.00000	7.151 Mbps	0.987	45.536	0.000	5.800
103.067	5800	23.755	0.000	1730455.0	2383.838	0.137	0.00000	5.807 Mbps	0.978	43.671	0.000	5.800
106.520	5800	22.301	0.000	1584844.0	3453.395	0.217	0.00000	3.671 Mbps	0.985	43.565	0.000	5.800
109.536	5800	21.286	0.000	1346286.0	3015.493	0.165	0.00307	3.572 Mbps	0.765	15.438	0.000	5.800
113.271	5800	19.550	0.000	1661679.0	3735.449	0.072	0.00159	3.559 Mbps	0.940	31.456	0.000	5.800
116.435	5800	18.387	0.000	1414228.0	3163.636	0.066	0.00000	3.576 Mbps	0.973	37.630	0.000	5.800
120.090	5800	16.731	0.000	1624402.0	3655.403	0.252	0.00000	3.555 Mbps	0.973	37.644	0.000	5.800
123.749	5800	15.073	0.000	1586444.0	3658.636	0.152	0.00018	3.469 Mbps	0.486	10.208	0.000	5.800
127.161	5800	13.661	0.000	1507639.0	3411.499	0.114	0.00000	3.535 Mbps	0.977	40.645	0.000	5.800
129.209	4300	13.613	0.000	1141084.0	2048.086	0.216	0.00000	4.457 Mbps	0.957	35.618	0.000	2.800
131.145	4300	13.677	0.000	1259456.0	1935.937	0.099	0.00181	5.205 Mbps	-1.000	0.000	1.000	4.300
131.378	375	13.444	0.000	119089.0	233.480	0.405	0.00000	4.080 Mbps	0.603	23.470	0.000	-3.550
133.083	4300	13.739	0.000	1259182.0	1704.969	0.162	0.00000	5.908 Mbps	0.960	36.019	0.000	0.375
134.671	4300	14.151	0.000	1251521.0	1587.966	0.089	0.00000	6.305 Mbps	0.960	35.940	0.000	4.300
135.814	4300	15.008	0.000	980361.0	1142.684	0.214	0.00000	6.864 Mbps	0.959	35.750	0.000	4.300
137.425	5800	15.397	0.000	1429041.0	1611.148	0.117	0.00000	7.096 Mbps	0.980	40.048	0.000	4.300
139.016	5800	15.806	0.000	1725671.0	1591.024	0.085	0.00000	8.677 Mbps	0.969	42.610	0.000	5.800
140.298	5800	16.524	0.000	1361129.0	1282.182	0.117	0.00302	8.493 Mbps	0.381	11.289	0.000	5.800
141.602	5800	17.220	0.000	1470555.0	1304.060	0.084	0.00324	9.021 Mbps	-1.000	0.000	1.000	5.800
141.769	375	17.053	0.000	100734.0	167.000	0.264	0.00000	4.826 Mbps	0.934	35.172	0.000	-5.050
143.343	5800	17.478	0.000	1707106.0	1574.301	0.190	0.00000	8.675 Mbps	0.978	44.779	0.000	0.375
144.690	5800	18.132	0.000	1521547.0	1346.505	0.085	0.00000	9.040 Mbps	0.987	44.221	0.000	5.800
146.279	5800	18.543	0.000	1813174.0	1589.249	0.244	0.00032	9.127 Mbps	0.979	41.675	0.000	5.800
147.711	5800	19.111	0.000	1624071.0	1431.844	0.128	0.00049	9.074 Mbps	0.606	13.293	0.000	5.800
149.328	5800	19.494	0.000	1846028.0	1616.597	0.123	0.00000	9.135 Mbps	0.984	43.654	0.000	5.800
150.533	5800	20.288	0.000	1352433.0	1205.738	0.299	0.00472	8.973 Mbps	0.983	42.184	0.000	5.800
151.758	5800	21.064	0.000	1372156.0	1224.641	0.157	0.00000	8.964 Mbps	0.990	46.743	0.000	5.800
153.403	5800	21.419	0.000	1713934.0	1645.042	0.164	0.00150	8.335 Mbps	0.761	16.260	0.000	5.800
155.242	5800	21.580	0.000	1719241.0	1838.463	0.235	0.00080	7.481 Mbps	0.985	45.350	0.000	5.800
156.916	5800	21.906	0.000	1423400.0	1674.178	0.230	0.00000	6.802 Mbps	0.988	46.856	0.000	5.800
158.566	5800	22.256	0.000	1420102.0	1650.403	0.357	0.00000	6.884 Mbps	0.989	47.624	0.000	5.800
160.856	5800	21.966	0.000	1606277.0	2289.529	0.105	0.00000	5.613 Mbps	0.953	32.814	0.000	5.800
163.231	5800	21.591	0.000	1733100.0	2375.738	0.209	0.00237	5.836 Mbps	0.256	10.255	0.000	5.800
165.831	5800	20.991	0.000	1863467.0	2599.461	0.117	0.00000	5.735 Mbps	0.986	42.174	0.000	5.800
167.986	5800	20.836	0.000	1452790.0	2155.537	0.083	0.00000	5.392 Mbps	0.981	43.009	0.000	5.800
170.569	5800	20.253	0.000	1508981.0	2582.175	0.199	0.00000	4.675 Mbps	0.980	42.780	0.000	5.800
173.517	5800	19.305	0.000	1433891.0	2948.463	0.278	0.00288	3.891 Mbps	0.665	10.532	0.000	5.800
177.254	5800	17.567	0.000	1677364.0	3737.388	0.221	0.00000	3.590 Mbps	0.986	44.493	0.000	5.800
181.094	5800	15.728	0.000	1724153.0	3839.409	0.215	0.00015	3.593 Mbps	0.758	16.056	0.000	5.800
184.106	5800	14.715	0.000	1344964.0	3012.610	0.148	0.00025	3.572 Mbps	0.735	11.025	0.000	5.800
186.444	4300	14.378	0.000	1035382.0	2337.586	0.179	0.00000	3.543 Mbps	0.984	42.975	0.000	2.800

