1.957	3000	2.000	1.957	820609.0	1956.569	0.338	0.00000	3.355 Mbps	0.946	35.041	0.000	-17.153
3.914	3000	2.043	0.000	890957.0	1957.183	0.044	0.00000	3.642 Mbps	0.946	34.932	0.000	3.000
6.087	4300	2.000	0.130	1196861.0	2172.750	0.233	0.00010	4.407 Mbps	0.962	37.344	0.000	1.662
8.468	4300	2.000	0.382	1241725.0	2381.734	0.259	0.01253	4.171 Mbps	-1.000	0.000	1.000	0.368
8.715	375	2.000	0.247	114069.0	246.679	0.371	0.00000	3.699 Mbps	0.787	27.060	0.000	-6.091
10.386	4300	2.329	0.000	1145415.0	1670.819	0.163	0.00000	5.484 Mbps	0.959	36.908	0.000	0.375
12.483	5800	2.232	0.000	1430057.0	2096.986	0.292	0.00521	5.456 Mbps	0.558	11.621	0.000	4.300
14.726	5800	2.000	0.011	1522590.0	2243.101	0.177	0.00000	5.430 Mbps	0.972	40.002	0.000	5.688
17.286	5800	2.000	0.561	1495913.0	2560.519	0.208	0.00000	4.674 Mbps	0.973	40.353	0.000	0.027
19.602	4300	2.000	0.316	1277041.0	2315.812	0.318	0.00000	4.412 Mbps	0.969	40.229	0.000	-0.453
21.707	4300	2.000	0.104	1064186.0	2104.375	0.266	0.00000	4.046 Mbps	0.960	38.316	0.000	3.225
23.775	4300	2.000	0.069	1114493.0	2068.784	0.135	0.00000	4.310 Mbps	0.992	43.768	0.000	3.592
25.644	4300	2.131	0.000	1262526.0	1868.505	0.326	0.00733	5.406 Mbps	-1.000	0.000	1.000	4.300
25.864	375	2.000	0.088	116048.0	219.916	0.548	0.00000	4.222 Mbps	0.831	25.162	0.000	-4.461
27.779	5800	2.085	0.000	1431249.0	1915.336	0.137	0.00329	5.978 Mbps	0.513	7.099	0.000	0.375
29.562	5800	2.302	0.000	1606806.0	1783.006	0.368	0.00000	7.209 Mbps	0.978	36.913	0.000	5.800
30.993	5800	2.870	0.000	1318941.0	1431.393	0.076	0.00624	7.372 Mbps	-1.000	0.000	1.000	5.800
31.162	375	2.702	0.000	94269.0	168.294	0.288	0.00000	4.481 Mbps	0.817	24.749	0.000	-5.050
32.824	5800	3.040	0.000	1720225.0	1662.219	0.209	0.00000	8.279 Mbps	0.975	42.722	0.000	0.375
34.524	5800	3.340	0.000	1401455.0	1700.150	0.187	0.00295	6.595 Mbps	0.666	14.043	0.000	5.800
36.532	5800	3.332	0.000	1415850.0	2008.053	0.318	0.00004	5.641 Mbps	0.981	43.819	0.000	5.800
38.935	5800	2.929	0.000	1651825.0	2402.545	0.255	0.00074	5.500 Mbps	0.988	46.687	0.000	5.800
42.287	5800	2.000	0.423	1553617.0	3351.918	0.187	0.00000	3.708 Mbps	0.984	43.815	0.000	1.444
44.839	4300	2.000	0.552	1135787.0	2552.076	0.199	0.00000	3.560 Mbps	0.901	34.005	0.000	-2.886
47.410	4300	2.000	0.571	1155212.0	2571.478	0.146	0.00376	3.594 Mbps	0.785	14.841	0.000	-1.586
49.880	4300	2.000	0.470	1082639.0	2469.764	0.286	0.00399	3.507 Mbps	0.976	41.082	0.000	-0.539
51.609	3000	2.270	0.000	764632.0	1729.511	0.106	0.00000	3.537 Mbps	0.964	38.810	0.000	1.700
54.519	4300	2.000	0.639	1257347.0	2909.166	0.251	0.00000	3.458 Mbps	0.992	48.514	0.000	-3.578
57.109	4300	2.000	0.590	1155731.0	2589.951	0.196	0.00000	3.570 Mbps	0.984	42.222	0.000	-1.776
59.388	4300	2.000	0.280	1244540.0	2279.635	0.405	0.00000	4.368 Mbps	0.990	44.861	0.000	1.420
61.337	4300	2.051	0.000	1160358.0	1948.847	0.239	0.00287	4.763 Mbps	0.983	44.342	0.000	4.300
63.581	4300	2.000	0.193	1307221.0	2243.748	0.194	0.00000	4.661 Mbps	0.974	41.920	0.000	2.316
64.828	4300	2.752	0.000	786688.0	1247.678	0.346	0.00526	5.044 Mbps	0.760	13.350	0.000	4.300
66.560	4300	3.021	0.000	1186224.0	1731.168	0.377	0.00000	5.482 Mbps	0.973	40.294	0.000	4.300
68.471	5800	3.110	0.000	1373344.0	1911.346	0.208	0.00346	5.748 Mbps	0.981	41.891	0.000	4.300
70.524	5800	3.056	0.000	1452782.0	2053.363	0.188	0.00187	5.660 Mbps	0.992	46.263	0.000	5.800
72.828	5800	2.753	0.000	1747460.0	2303.686	0.093	0.01246	6.068 Mbps	-1.000	0.000	1.000	5.800
73.055	375	2.525	0.000	114767.0	227.436	0.248	0.02566	4.037 Mbps	-1.000	0.000	0.000	-5.050
74.888	5800	2.693	0.000	1552646.0	1832.134	0.133	0.01075	6.780 Mbps	0.650	13.796	0.000	0.375
76.524	5800	3.057	0.000	1506634.0	1636.068	0.120	0.00000	7.367 Mbps	0.900	31.019	0.000	5.800
78.356	5800	3.225	0.000	1563987.0	1831.810	0.194	0.00000	6.830 Mbps	0.914	32.508	0.000	5.800
80.347	5800	3.234	0.000	1695101.0	1991.304	0.200	0.00484	6.810 Mbps	-1.000	0.000	1.000	5.800
80.559	375	3.021	0.000	107012.0	212.567	0.409	0.00000	4.027 Mbps	0.663	25.442	0.000	-5.050
82.363	5800	3.218	0.000	1663740.0	1803.569	0.233	0.00248	7.380 Mbps	0.657	16.561	0.000	0.375
83.659	5800	3.922	0.000	1227176.0	1295.872	0.436	0.00231	7.576 Mbps	0.570	11.762	0.000	5.800
85.385	5800	4.196	0.000	1698056.0	1725.877	0.160	0.00000	7.871 Mbps	0.958	39.106	0.000	5.800
86.827	5800	4.754	0.000	1636097.0	1441.854	0.175	0.00000	9.078 Mbps	0.958	37.997	0.000	5.800
88.260	5800	5.320	0.000	1520273.0	1433.821	0.083	0.00000	8.482 Mbps	0.958	36.269	0.000	5.800
89.579	5800	6.002	0.000	1488333.0	1318.858	0.164	0.00215	9.028 Mbps	0.918	30.585	0.000	5.800
90.964	5800	6.617	0.000	1567569.0	1384.813	0.161	0.00029	9.056 Mbps	0.910	29.449	0.000	5.800
92.194	5800	7.387	0.000	1381102.0	1229.601	0.236	0.00000	8.986 Mbps	0.977	39.181	0.000	5.800
93.662	5800	7.918	0.000	1668337.0	1468.690	0.084	0.00741	9.087 Mbps	-1.000	0.000	1.000	5.800
93.846	375	7.735	0.000	124800.0	183.881	0.239	0.00000	5.430 Mbps	0.739	25.837	0.000	-5.050
95.269	5800	8.311	0.000	1613698.0	1423.210	0.304	0.00000	9.071 Mbps	0.985	41.946	0.000	0.375
96.746	5800	8.835	0.000	1677909.0	1476.658	0.212	0.00480	9.090 Mbps	-1.000	0.000	1.000	5.800
96.960	375	8.621	0.000	128640.0	214.083	0.382	0.00000	4.807 Mbps	0.746	25.999	0.000	-5.050
98.356	5800	9.225	0.000	1269746.0	1395.800	0.061	0.00000	7.278 Mbps	0.983	41.297	0.000	0.375
99.862	5800	9.719	0.000	1150360.0	1505.694	0.257	0.01128	6.112 Mbps	0.420	4.919	0.000	5.800
101.690	5800	9.891	0.000	1260920.0	1828.364	0.130	0.00000	5.517 Mbps	0.994	43.945	0.000	5.800
104.000	5800	9.581	0.000	1273130.0	2309.768	0.156	0.00000	4.410 Mbps	0.998	48.983	0.000	5.800
106.220	4300	9.361	0.000	981366.0	2219.808	0.136	0.01089	3.537 Mbps	-1.000	0.000	1.000	2.800
106.536	375	9.045	0.000	108493.0	316.562	0.110	0.00000	2.742 Mbps	0.766	20.766	0.000	-3.550
108.007	4300	9.574	0.000	637803.0	1470.690	0.491	0.00000	3.469 Mbps	0.999	53.054	0.000	0.375
110.299	4300	9.282	0.000	1014684.0	2292.455	0.212	0.00590	3.541 Mbps	0.985	43.390	0.000	4.300
112.917	4300	8.663	0.000	1149216.0	2618.056	0.089	0.00012	3.512 Mbps	0.361	9.796	0.000	4.300
114.747	3000	8.834	0.000	802430.0	1829.649	0.096	0.02684	3.509 Mbps	-1.000	0.000	1.000	1.700
115.089	375	8.492	0.000	120267.0	342.235	0.474	0.00000	2.811 Mbps	0.909	29.794	0.000	-2.250
117.732	4300	7.849	0.000	1175261.0	2642.584	0.158	0.00350	3.558 Mbps	0.552	12.362	0.000	0.375
120.158	4300	7.423	0.000	1037435.0	2426.293	0.070	0.00000	3.421 Mbps	0.990	46.095	0.000	4.300
121.859	3000	7.722	0.000	705121.0	1700.586	0.076	0.00000	3.317 Mbps	0.953	38.018	0.000	1.700
124.082	3000	7.499	0.000	970403.0	2223.443	0.255	0.00935	3.492 Mbps	0.737	15.986	0.000	3.000
126.071	3000	7.510	0.000	847039.0	1988.866	0.366	0.00683	3.407 Mbps	0.711	16.328	0.000	3.000
127.628	3000	7.953	0.000	838750.0	1557.158	0.125	0.00000	4.309 Mbps	0.961	38.536	0.000	3.000
129.309	4300	8.272	0.000	964253.0	1680.936	0.205	0.00000	4.589 Mbps	0.980	43.703	0.000	3.000
131.092	4300	8.489	0.000	1232752.0	1782.784	0.140	0.00000	5.532 Mbps	0.908	29.432	0.000	4.300
132.912	5800	8.669	0.000	1414228.0	1819.705	0.130	0.00000	6.217 Mbps	0.973	37.630	0.000	4.300
134.844	5800	8.737	0.000	1624402.0	1932.464	0.188	0.00254	6.725 Mbps	0.407	9.827	0.000	5.800
136.612	5800	8.969	0.000	1586444.0	1768.245	0.113	0.00000	7.177 Mbps	0.973	38.895	0.000	5.800
137.986	5800	9.595	0.000	1507639.0	1373.882	0.194	0.00004	8.779 Mbps	0.977	40.645	0.000	5.800
139.418	5800	10.163	0.000	1511193.0	1432.021	0.112	0.00000	8.442 Mbps	0.972	37.700	0.000	5.800
140.910	5800	10.670	0.000	1696662.0	1492.267	0.067	0.00000	9.096 Mbps	0.976	38.592	0.000	5.800
142.442	5800	11.138	0.000	1656262.0	1531.980	0.167	0.00158	8.649 Mbps	0.973	38.001	0.000	5.800
143.905	5800	11.676	0.000	1660557.0	1462.214	0.288	0.00000	9.085 Mbps	0.971	37.667	0.000	5.800
145.085	5800	12.496	0.000	1321595.0	1180.069	0.042	0.00000	8.959 Mbps	0.972	37.773	0.000	5.800
146.354	5800	13.227	0.000	1429041.0	1269.505	0.117	0.00000	9.005 Mbps	0.980	40.048	0.000	5.800
147.871	5800	13.710	0.000	1725671.0	1516.414	0.154	0.00000	9.104 Mbps	0.969	42.610	0.000	5.800
149.084	5800	14.497	0.000	1361129.0	1212.976	0.299	0.00472	8.977 Mbps	0.820	14.979	0.000	5.800
150.388	5800	15.193	0.000	1470555.0	1304.060	0.214	0.00175	9.021 Mbps	0.994	49.216	0.000	5.800
151.937	5800	15.644	0.000	1707106.0	1549.261	0.121	0.00000	8.815 Mbps	0.978	44.779	0.000	5.800
153.535	5800	16.046	0.000	1521547.0	1597.928	0.134	0.01352	7.618 Mbps	-1.000	0.000	1.000	5.800
153.723	375	15.858	0.000	110419.0	187.981	0.329	0.00000	4.699 Mbps	0.861	27.922	0.000	-5.050
155.747	5800	15.834	0.000	1813174.0	2024.145	0.319	0.00000	7.166 Mbps	0.979	41.675	0.000	0.375
157.633	5800	15.948	0.000	1624071.0	1886.121	0.151	0.00000	6.889 Mbps	0.980	42.506	0.000	5.800
160.236	5800	15.345	0.000	1846028.0	2602.487	0.168	0.00000	5.675 Mbps	0.984	43.654	0.000	5.800
162.081	5800	15.500	0.000	1352433.0	1845.432	0.247	0.00000	5.863 Mbps	0.983	42.184	0.000	5.800
163.929	5800	15.652	0.000	1372156.0	1847.891	0.153	0.00000	5.940 Mbps	0.990	46.743	0.000	5.800
166.641	5800	14.940	0.000	1713934.0	2712.144	0.252	0.00000	5.056 Mbps	0.986	45.814	0.000	5.800
169.317	5800	14.264	0.000	1719241.0	2675.952	0.184	0.00338	5.140 Mbps	0.985	45.350	0.000	5.800
171.467	4300	14.114	0.000	1038792.0	2149.852	0.335	0.00000	3.866 Mbps	0.983	44.930	0.000	2.800
173.877	4300	13.704	0.000	1068507.0	2409.813	0.194	0.00000	3.547 Mbps	0.984	45.880	0.000	4.300
176.565	4300	13.016	0.000	1196322.0	2688.506	0.222	0.00000	3.560 Mbps	0.924	30.308	0.000	4.300
179.534	4300	12.047	0.000	1324657.0	2968.332	0.185	0.00000	3.570 Mbps	0.921	29.716	0.000	4.300
182.697	4300	10.884	0.000	1413974.0	3163.083	0.185	0.00000	3.576 Mbps	0.980	40.232	0.000	4.300
185.168	4300	10.413	0.000	1096779.0	2471.459	0.142	0.00000	3.550 Mbps	0.970	40.682	0.000	4.300
187.733	4300	9.847	0.000	1139799.0	2565.261	0.106	0.00000	3.555 Mbps	0.972	40.865	0.000	4.300
190.144	4300	9.437	0.000	1069005.0	2410.899	0.204	0.00000	3.547 Mbps	0.979	43.699	0.000	4.300
193.003	4300	8.578	0.000	1274531.0	2859.036	0.132	0.00000	3.566 Mbps	0.982	42.943	0.000	4.300
195.843	4300	7.738	0.000	1270342.0	2839.690	0.056	0.00254	3.579 Mbps	0.980	42.129	0.000	4.300
197.413	3000	8.168	0.000	730514.0	1570.169	0.222	0.00000	3.722 Mbps	0.979	38.689	0.000	1.700
199.218	4300	8.363	0.000	1035382.0	1804.474	0.239	0.00000	4.590 Mbps	0.984	42.975	0.000	3.000

