1.957	3000	2.000	1.957	820609.0	1956.569	0.202	0.00000	3.355 Mbps	0.946	35.041	0.000	-17.153
3.153	1750	2.803	0.000	516104.0	1196.535	0.090	0.00000	3.451 Mbps	0.909	31.798	0.000	0.500
4.908	3000	3.048	0.000	842741.0	1755.052	0.187	0.00064	3.841 Mbps	0.943	34.434	0.000	1.750
6.512	3000	3.444	0.000	871216.0	1604.316	0.314	0.00366	4.344 Mbps	0.943	34.723	0.000	3.000
8.658	4300	3.299	0.000	1145415.0	2145.416	0.221	0.00734	4.271 Mbps	0.959	36.908	0.000	3.000
10.215	4300	3.742	0.000	1054838.0	1556.958	0.442	0.00310	5.420 Mbps	0.709	15.456	0.000	4.300
12.437	5800	3.519	0.000	1522590.0	2222.531	0.226	0.00045	5.481 Mbps	0.972	40.002	0.000	4.300
14.643	5800	3.313	0.000	1495913.0	2206.013	0.130	0.00000	5.425 Mbps	0.973	40.353	0.000	5.800
16.843	4300	3.113	0.000	1277041.0	2200.016	0.240	0.00000	4.644 Mbps	0.969	40.229	0.000	2.800
18.628	4300	3.328	0.000	1064186.0	1784.848	0.162	0.00000	4.770 Mbps	0.960	38.316	0.000	4.300
20.763	4300	3.193	0.000	1114493.0	2135.168	0.211	0.00886	4.176 Mbps	-1.000	0.000	1.000	4.300
22.422	3000	2.000	0.465	795617.0	1658.551	0.154	0.00000	3.838 Mbps	0.983	37.666	0.000	-3.094
23.323	1750	3.099	0.000	526038.0	901.040	0.176	0.00000	4.670 Mbps	0.917	29.623	0.000	0.500
24.552	3000	3.870	0.000	758335.0	1228.765	0.180	0.02705	4.937 Mbps	-1.000	0.000	1.000	1.750
25.713	3000	2.709	0.000	758335.0	1160.870	0.294	0.00000	5.226 Mbps	0.939	32.187	0.000	3.000
27.321	4300	3.101	0.000	1178712.0	1608.384	0.288	0.00053	5.863 Mbps	0.579	11.292	0.000	3.000
28.526	4300	3.896	0.000	962332.0	1204.923	0.323	0.00000	6.389 Mbps	0.975	36.676	0.000	4.300
30.378	5800	4.044	0.000	1720225.0	1852.226	0.090	0.00000	7.430 Mbps	0.975	42.722	0.000	4.300
31.826	5800	4.596	0.000	1401455.0	1448.105	0.109	0.00000	7.742 Mbps	0.976	42.004	0.000	5.800
33.194	5800	5.228	0.000	1415850.0	1367.508	0.180	0.00000	8.283 Mbps	0.981	43.819	0.000	5.800
35.282	5800	5.140	0.000	1651825.0	2088.276	0.172	0.00000	6.328 Mbps	0.988	46.687	0.000	5.800
37.584	5800	4.838	0.000	1553617.0	2302.070	0.166	0.00013	5.399 Mbps	0.984	43.815	0.000	5.800
40.101	5800	4.321	0.000	1549791.0	2516.380	0.281	0.00169	4.927 Mbps	0.939	36.093	0.000	5.800
42.678	4300	3.744	0.000	1155212.0	2577.719	0.185	0.00057	3.585 Mbps	0.515	10.392	0.000	2.800
44.412	3000	4.010	0.000	758937.0	1733.573	0.254	0.00000	3.502 Mbps	0.966	39.774	0.000	1.700
46.775	4300	3.647	0.000	1083682.0	2362.915	0.170	0.00000	3.669 Mbps	0.976	40.902	0.000	3.000
48.751	3000	3.671	0.000	862347.0	1976.113	0.187	0.00000	3.491 Mbps	0.988	46.158	0.000	1.700
50.547	3000	3.875	0.000	797470.0	1795.839	0.099	0.00334	3.553 Mbps	0.963	37.683	0.000	3.000
52.481	3000	3.941	0.000	860432.0	1934.517	0.238	0.00000	3.558 Mbps	0.972	38.839	0.000	3.000
54.409	3000	4.013	0.000	830717.0	1927.738	0.445	0.00000	3.447 Mbps	0.976	42.048	0.000	3.000
57.219	4300	3.202	0.000	1307221.0	2810.555	0.199	0.00000	3.721 Mbps	0.974	41.920	0.000	3.000
58.361	3000	4.061	0.000	557657.0	1141.296	0.275	0.00000	3.909 Mbps	0.978	38.581	0.000	1.700
60.386	4300	4.036	0.000	1186224.0	2024.993	0.262	0.00057	4.686 Mbps	0.973	40.294	0.000	3.000
62.715	5800	3.707	0.000	1373344.0	2328.932	0.314	0.00000	4.718 Mbps	0.981	41.891	0.000	4.300
64.614	4300	3.808	0.000	1096651.0	1899.757	0.060	0.00000	4.618 Mbps	0.989	44.828	0.000	2.800
66.456	4300	3.966	0.000	1289005.0	1841.592	0.285	0.00728	5.600 Mbps	-1.000	0.000	1.000	4.300
67.691	3000	2.731	0.000	847207.0	1234.724	0.230	0.00000	5.489 Mbps	0.970	40.272	0.000	1.700
69.269	4300	3.153	0.000	1143546.0	1577.917	0.119	0.00030	5.798 Mbps	0.561	11.209	0.000	3.000
70.860	4300	3.562	0.000	1111651.0	1591.729	0.152	0.00004	5.587 Mbps	0.848	29.193	0.000	4.300
72.939	5800	3.483	0.000	1563987.0	2078.368	0.108	0.00000	6.020 Mbps	0.914	32.508	0.000	4.300
75.041	5800	3.381	0.000	1695101.0	2101.900	0.109	0.00336	6.452 Mbps	-1.000	0.000	1.000	5.800
75.994	3000	2.428	0.000	887327.0	952.834	0.203	0.00127	7.450 Mbps	0.866	31.106	0.000	0.200
77.498	4300	2.924	0.000	1242112.0	1504.859	0.092	0.00215	6.603 Mbps	0.882	31.868	0.000	3.000
78.956	5800	3.466	0.000	1227176.0	1457.492	0.226	0.00000	6.736 Mbps	0.933	35.716	0.000	4.300
80.949	5800	3.473	0.000	1698056.0	1993.187	0.237	0.00000	6.815 Mbps	0.958	39.106	0.000	5.800
82.714	5800	3.707	0.000	1636097.0	1765.408	0.220	0.00000	7.414 Mbps	0.958	37.997	0.000	5.800
84.209	5800	4.213	0.000	1520273.0	1494.515	0.156	0.00270	8.138 Mbps	0.731	15.928	0.000	5.800
85.784	5800	4.638	0.000	1488333.0	1574.978	0.130	0.00000	7.560 Mbps	0.918	30.585	0.000	5.800
87.169	5800	5.253	0.000	1567569.0	1384.813	0.086	0.00000	9.056 Mbps	0.910	29.449	0.000	5.800
88.501	5800	5.921	0.000	1381102.0	1331.942	0.107	0.00000	8.295 Mbps	0.977	39.181	0.000	5.800
89.969	5800	6.453	0.000	1668337.0	1468.690	0.169	0.00661	9.087 Mbps	-1.000	0.000	1.000	5.800
90.789	3000	5.633	0.000	888315.0	819.416	0.090	0.00000	8.673 Mbps	0.939	33.365	0.000	0.200
92.212	5800	6.210	0.000	1613698.0	1423.210	0.111	0.00209	9.071 Mbps	0.985	41.946	0.000	3.000
93.689	5800	6.733	0.000	1677909.0	1476.658	0.167	0.00518	9.090 Mbps	0.985	41.871	0.000	5.800
94.826	5800	7.596	0.000	1269746.0	1136.911	0.124	0.00000	8.935 Mbps	0.983	41.297	0.000	5.800
95.863	5800	8.559	0.000	1150360.0	1037.536	0.315	0.00261	8.870 Mbps	-1.000	0.000	1.000	5.800
96.478	3000	7.944	0.000	642563.0	614.856	0.107	0.00000	8.360 Mbps	0.911	24.698	0.000	0.200
97.796	5800	8.626	0.000	1260920.0	1318.136	0.313	0.00052	7.653 Mbps	0.412	5.595	0.000	3.000
99.378	5800	9.044	0.000	1273130.0	1582.087	0.063	0.00000	6.438 Mbps	0.998	48.983	0.000	5.800
100.927	5800	9.495	0.000	1135942.0	1548.803	0.130	0.00000	5.867 Mbps	0.998	47.964	0.000	5.800
102.116	5800	10.306	0.000	761002.0	1189.284	0.209	0.00000	5.119 Mbps	0.999	55.204	0.000	5.800
105.018	5800	9.404	0.000	1341515.0	2901.705	0.098	0.00000	3.699 Mbps	0.989	44.877	0.000	5.800
108.428	5800	7.994	0.000	1527061.0	3409.662	0.199	0.00000	3.583 Mbps	0.991	46.438	0.000	5.800
112.070	5800	6.352	0.000	1618765.0	3641.878	0.126	0.00000	3.556 Mbps	0.992	46.885	0.000	5.800
115.557	5800	4.865	0.000	1562534.0	3487.008	0.106	0.00169	3.585 Mbps	-1.000	0.000	1.000	5.800
117.354	3000	3.068	0.000	787745.0	1797.629	0.035	0.00000	3.506 Mbps	0.980	37.941	0.000	0.200
119.016	3000	3.406	0.000	708448.0	1661.840	0.235	0.00000	3.410 Mbps	0.980	37.884	0.000	3.000
120.697	3000	3.725	0.000	705121.0	1680.632	0.229	0.00000	3.356 Mbps	0.953	38.018	0.000	3.000
122.997	3000	3.425	0.000	970403.0	2300.029	0.167	0.00368	3.375 Mbps	0.973	40.998	0.000	3.000
125.083	3000	3.339	0.000	847039.0	2086.126	0.088	0.00000	3.248 Mbps	0.954	40.046	0.000	3.000
127.049	3000	3.373	0.000	838750.0	1966.020	0.093	0.02447	3.413 Mbps	-1.000	0.000	1.000	3.000
128.464	3000	2.000	0.042	838750.0	1415.258	0.096	0.00000	4.741 Mbps	0.961	38.536	0.000	2.566
129.256	1750	3.209	0.000	400130.0	791.419	0.278	0.00000	4.045 Mbps	0.718	13.465	0.000	0.500
131.041	4300	3.423	0.000	1232752.0	1785.717	0.200	0.00333	5.523 Mbps	0.187	5.653	0.000	1.750
132.861	5800	3.603	0.000	1414228.0	1819.685	0.199	0.00000	6.217 Mbps	0.973	37.630	0.000	4.300
134.799	5800	3.665	0.000	1624402.0	1937.902	0.086	0.00000	6.706 Mbps	0.973	37.644	0.000	5.800
136.570	5800	3.894	0.000	1586444.0	1771.312	0.196	0.00000	7.165 Mbps	0.973	38.895	0.000	5.800
137.941	5800	4.523	0.000	1507639.0	1371.335	0.108	0.00019	8.795 Mbps	0.946	28.114	0.000	5.800
139.371	5800	5.093	0.000	1511193.0	1429.930	0.132	0.01119	8.455 Mbps	-1.000	0.000	1.000	5.800
140.170	3000	4.294	0.000	863101.0	798.428	0.067	0.00000	8.648 Mbps	0.902	30.079	0.000	0.200
141.687	5800	4.778	0.000	1696662.0	1516.751	0.235	0.00000	8.949 Mbps	0.976	38.592	0.000	3.000
143.145	5800	5.319	0.000	1656262.0	1458.639	0.181	0.00000	9.084 Mbps	0.973	38.001	0.000	5.800
144.607	5800	5.857	0.000	1660557.0	1462.214	0.125	0.00000	9.085 Mbps	0.971	37.667	0.000	5.800
145.788	5800	6.677	0.000	1321595.0	1180.069	0.263	0.00000	8.959 Mbps	0.972	37.773	0.000	5.800
147.057	5800	7.407	0.000	1429041.0	1269.505	0.100	0.00000	9.005 Mbps	0.980	40.048	0.000	5.800
148.573	5800	7.891	0.000	1725671.0	1516.414	0.110	0.00000	9.104 Mbps	0.969	42.610	0.000	5.800
149.786	5800	8.678	0.000	1361129.0	1212.976	0.271	0.00000	8.977 Mbps	0.981	40.508	0.000	5.800
151.090	5800	9.374	0.000	1470555.0	1304.060	0.272	0.00899	9.021 Mbps	0.559	18.810	0.000	5.800
152.813	5800	9.651	0.000	1707106.0	1722.447	0.217	0.00184	7.929 Mbps	-1.000	0.000	1.000	5.800
153.809	3000	8.655	0.000	867142.0	996.276	0.128	0.00000	6.963 Mbps	0.952	39.138	0.000	0.200
155.614	5800	8.850	0.000	1521547.0	1804.443	0.124	0.00626	6.746 Mbps	0.465	10.875	0.000	3.000
157.708	5800	8.756	0.000	1813174.0	2094.440	0.260	0.00000	6.926 Mbps	0.979	41.675	0.000	5.800
160.039	5800	8.425	0.000	1624071.0	2330.541	0.305	0.00000	5.575 Mbps	0.980	42.506	0.000	5.800
162.479	5800	7.986	0.000	1846028.0	2439.979	0.106	0.00000	6.053 Mbps	0.984	43.654	0.000	5.800
164.262	5800	8.202	0.000	1352433.0	1783.181	0.368	0.00000	6.068 Mbps	0.983	42.184	0.000	5.800
166.292	5800	8.172	0.000	1372156.0	2030.645	0.051	0.00000	5.406 Mbps	0.990	46.743	0.000	5.800
169.058	5800	7.406	0.000	1713934.0	2766.084	0.164	0.00000	4.957 Mbps	0.986	45.814	0.000	5.800
172.710	5800	5.755	0.000	1719241.0	3651.062	0.260	0.00314	3.767 Mbps	0.985	45.350	0.000	5.800
175.893	5800	4.571	0.000	1423400.0	3183.635	0.382	0.00000	3.577 Mbps	0.988	46.856	0.000	5.800
178.303	4300	4.161	0.000	1068507.0	2409.813	0.229	0.00811	3.547 Mbps	-1.000	0.000	1.000	2.800
180.046	3000	2.418	0.000	762832.0	1743.308	0.260	0.00000	3.501 Mbps	0.976	41.597	0.000	1.700
181.217	1750	3.247	0.000	500091.0	1170.417	0.333	0.00000	3.418 Mbps	0.799	24.639	0.000	0.500
183.344	3000	3.120	0.000	938913.0	2127.241	0.203	0.00000	3.531 Mbps	0.859	26.490	0.000	1.750
185.569	3000	2.895	0.000	983771.0	2225.052	0.139	0.00000	3.537 Mbps	0.938	32.875	0.000	3.000
187.295	3000	3.169	0.000	755059.0	1726.359	0.238	0.00000	3.499 Mbps	0.926	34.966	0.000	3.000
189.224	3000	3.240	0.000	847926.0	1928.850	0.280	0.00970	3.517 Mbps	-1.000	0.000	1.000	3.000
191.153	3000	2.000	0.689	847926.0	1928.850	0.091	0.00000	3.517 Mbps	0.939	36.010	0.000	-4.096
192.208	1750	2.945	0.000	447251.0	1055.203	0.194	0.00000	3.391 Mbps	0.963	37.809	0.000	0.500
194.323	3000	2.830	0.000	933202.0	2114.789	0.227	0.00000	3.530 Mbps	0.974	39.226	0.000	1.750
196.283	3000	2.870	0.000	849525.0	1959.713	0.244	0.00000	3.468 Mbps	0.970	38.554	0.000	3.000
197.866	3000	3.287	0.000	730514.0	1583.657	0.101	0.00367	3.690 Mbps	0.979	38.689	0.000	3.000
199.165	3000	3.988	0.000	706129.0	1298.921	0.408	0.00000	4.349 Mbps	0.974	38.155	0.000	3.000

