0.926	1050	2.000	0.926	301399.0	926.000	0.057	0.00000	2.604 Mbps	0.884	30.719	0.000	-8.488
2.139	1750	2.787	0.000	516104.0	1213.258	0.085	0.00000	3.403 Mbps	0.909	31.798	0.000	1.050
3.318	1750	3.608	0.000	486227.0	1179.000	0.102	0.00000	3.299 Mbps	0.901	31.229	0.000	1.750
5.650	4300	3.276	0.000	1241725.0	2331.356	0.077	0.00000	4.261 Mbps	0.961	37.479	0.000	1.750
7.836	4300	3.090	0.000	1145415.0	2186.217	0.081	0.00000	4.191 Mbps	0.959	36.908	0.000	4.300
9.653	4300	3.273	0.000	1054838.0	1816.704	0.091	0.00000	4.645 Mbps	0.936	34.189	0.000	4.300
11.162	4300	3.764	0.000	1132110.0	1509.189	0.054	0.00000	6.001 Mbps	0.962	38.371	0.000	4.300
13.334	5800	3.592	0.000	1495913.0	2171.809	0.055	0.00000	5.510 Mbps	0.973	40.353	0.000	4.300
16.107	5800	2.819	0.000	1737905.0	2773.455	0.070	0.00000	5.013 Mbps	0.977	41.776	0.000	5.800
18.612	5800	2.314	0.000	1444726.0	2505.228	0.096	0.00000	4.613 Mbps	0.971	39.945	0.000	5.800
20.749	4300	2.177	0.000	1114493.0	2136.464	0.125	0.00000	4.173 Mbps	0.992	43.768	0.000	2.800
23.225	4300	2.000	0.299	1262526.0	2476.223	0.076	0.00000	4.079 Mbps	0.969	35.426	0.000	1.221
24.915	4300	2.310	0.000	1074521.0	1690.230	0.065	0.00000	5.086 Mbps	0.961	34.653	0.000	4.300
26.481	4300	2.744	0.000	1178712.0	1566.208	0.051	0.00000	6.021 Mbps	0.965	34.528	0.000	4.300
28.337	5800	2.887	0.000	1318941.0	1856.145	0.067	0.00000	5.685 Mbps	0.983	38.740	0.000	4.300
30.191	5800	3.034	0.000	1720225.0	1853.147	0.072	0.00000	7.426 Mbps	0.975	42.722	0.000	5.800
31.633	5800	3.592	0.000	1401455.0	1442.097	0.065	0.00000	7.775 Mbps	0.976	42.004	0.000	5.800
32.997	5800	4.228	0.000	1415850.0	1364.227	0.062	0.00000	8.303 Mbps	0.981	43.819	0.000	5.800
35.093	5800	4.132	0.000	1651825.0	2095.826	0.055	0.00000	6.305 Mbps	0.988	46.687	0.000	5.800
37.391	5800	3.834	0.000	1553617.0	2298.340	0.043	0.00000	5.408 Mbps	0.984	43.815	0.000	5.800
39.925	5800	3.300	0.000	1549791.0	2534.169	0.072	0.00000	4.892 Mbps	0.939	36.093	0.000	5.800
43.445	5800	2.000	0.220	1588614.0	3519.462	0.055	0.00000	3.611 Mbps	0.967	37.452	0.000	3.536
45.125	3000	2.319	0.000	758937.0	1680.693	0.077	0.00000	3.612 Mbps	0.966	39.774	0.000	0.200
46.831	3000	2.613	0.000	764632.0	1705.916	0.039	0.00000	3.586 Mbps	0.964	38.810	0.000	3.000
48.792	3000	2.653	0.000	862347.0	1960.294	0.087	0.00000	3.519 Mbps	0.988	46.158	0.000	3.000
50.581	3000	2.864	0.000	797470.0	1788.907	0.057	0.00000	3.566 Mbps	0.963	37.683	0.000	3.000
52.591	3000	2.854	0.000	860432.0	2010.300	0.061	0.00000	3.424 Mbps	0.972	38.839	0.000	3.000
54.572	3000	2.873	0.000	830717.0	1980.925	0.096	0.00000	3.355 Mbps	0.976	42.048	0.000	3.000
56.664	3000	2.780	0.000	910409.0	2092.532	0.051	0.00000	3.481 Mbps	0.968	40.460	0.000	3.000
57.837	3000	3.607	0.000	557657.0	1173.000	0.060	0.00000	3.803 Mbps	0.978	38.581	0.000	3.000
59.899	4300	3.546	0.000	1186224.0	2061.558	0.084	0.00000	4.603 Mbps	0.973	40.294	0.000	3.000
61.647	4300	3.798	0.000	1040422.0	1748.159	0.060	0.00000	4.761 Mbps	0.974	40.293	0.000	4.300
63.630	4300	3.815	0.000	1096651.0	1983.090	0.079	0.00000	4.424 Mbps	0.989	44.828	0.000	4.300
65.742	4300	3.703	0.000	1289005.0	2111.641	0.066	0.00000	4.883 Mbps	0.980	42.615	0.000	4.300
67.852	5800	3.593	0.000	1552646.0	2110.043	0.099	0.00000	5.887 Mbps	0.978	40.686	0.000	4.300
70.058	5800	3.387	0.000	1506634.0	2206.419	0.078	0.00000	5.463 Mbps	0.900	31.019	0.000	5.800
71.991	5800	3.453	0.000	1563987.0	1933.119	0.078	0.00000	6.472 Mbps	0.914	32.508	0.000	5.800
74.099	5800	3.346	0.000	1695101.0	2107.434	0.061	0.00000	6.435 Mbps	0.922	34.371	0.000	5.800
76.006	5800	3.439	0.000	1663740.0	1906.858	0.092	0.00000	6.980 Mbps	0.918	33.606	0.000	5.800
77.487	5800	3.958	0.000	1227176.0	1481.381	0.056	0.00000	6.627 Mbps	0.933	35.716	0.000	5.800
79.458	5800	3.987	0.000	1698056.0	1970.697	0.063	0.00000	6.893 Mbps	0.958	39.106	0.000	5.800
81.286	5800	4.159	0.000	1636097.0	1827.889	0.086	0.00000	7.161 Mbps	0.958	37.997	0.000	5.800
82.993	5800	4.451	0.000	1520273.0	1707.810	0.080	0.00000	7.122 Mbps	0.958	36.269	0.000	5.800
84.521	5800	4.924	0.000	1488333.0	1527.655	0.059	0.00000	7.794 Mbps	0.918	30.585	0.000	5.800
85.949	5800	5.496	0.000	1567569.0	1427.721	0.046	0.00000	8.784 Mbps	0.910	29.449	0.000	5.800
87.200	5800	6.245	0.000	1381102.0	1251.000	0.080	0.00000	8.832 Mbps	0.977	39.181	0.000	5.800
88.714	5800	6.731	0.000	1668337.0	1513.860	0.046	0.00000	8.816 Mbps	0.983	41.109	0.000	5.800
90.137	5800	7.308	0.000	1613698.0	1423.210	0.039	0.00000	9.071 Mbps	0.985	41.946	0.000	5.800
91.614	5800	7.831	0.000	1677909.0	1476.658	0.070	0.00000	9.090 Mbps	0.985	41.871	0.000	5.800
92.895	5800	8.550	0.000	1269746.0	1281.000	0.020	0.00000	7.930 Mbps	0.983	41.297	0.000	5.800
94.196	5800	9.249	0.000	1150360.0	1301.000	0.038	0.00000	7.074 Mbps	0.997	46.908	0.000	5.800
95.498	5800	9.947	0.000	1260920.0	1302.000	0.047	0.00000	7.748 Mbps	0.994	43.945	0.000	5.800
96.783	5800	10.662	0.000	1273130.0	1285.000	0.050	0.00000	7.926 Mbps	0.998	48.983	0.000	5.800
98.118	5800	11.327	0.000	1135942.0	1335.000	0.052	0.00000	6.807 Mbps	0.998	47.964	0.000	5.800
99.417	5800	12.028	0.000	761002.0	1299.000	0.095	0.00000	4.687 Mbps	0.999	55.204	0.000	5.800
101.394	5800	12.051	0.000	1341515.0	1977.388	0.082	0.00000	5.427 Mbps	0.989	44.877	0.000	5.800
104.297	5800	11.148	0.000	1527061.0	2902.673	0.073	0.00000	4.209 Mbps	0.991	46.438	0.000	5.800
107.906	5800	9.539	0.000	1618765.0	3609.617	0.050	0.00000	3.588 Mbps	0.992	46.885	0.000	5.800
111.425	5800	8.019	0.000	1562534.0	3519.270	0.059	0.00000	3.552 Mbps	0.993	47.684	0.000	5.800
114.519	5800	6.925	0.000	1382285.0	3093.987	0.064	0.00000	3.574 Mbps	0.993	47.665	0.000	5.800
117.790	5800	5.655	0.000	1463120.0	3270.242	0.043	0.00000	3.579 Mbps	0.978	42.438	0.000	5.800
121.646	5800	3.798	0.000	1655357.0	3856.747	0.054	0.00000	3.434 Mbps	0.987	45.536	0.000	5.800
124.528	4300	2.917	0.000	1263953.0	2881.375	0.043	0.00000	3.509 Mbps	0.969	42.123	0.000	2.800
127.214	4300	2.230	0.000	1215517.0	2686.670	0.040	0.00000	3.619 Mbps	0.978	41.781	0.000	4.300
128.765	4300	2.680	0.000	964253.0	1550.507	0.061	0.00000	4.975 Mbps	0.980	43.703	0.000	4.300
130.494	4300	2.950	0.000	1232752.0	1729.440	0.084	0.00000	5.702 Mbps	0.908	29.432	0.000	4.300
132.314	5800	3.131	0.000	1414228.0	1819.622	0.120	0.00000	6.218 Mbps	0.973	37.630	0.000	4.300
134.262	5800	3.183	0.000	1624402.0	1947.745	0.080	0.00000	6.672 Mbps	0.973	37.644	0.000	5.800
136.042	5800	3.403	0.000	1586444.0	1780.399	0.059	0.00000	7.128 Mbps	0.973	38.895	0.000	5.800
137.484	5800	3.961	0.000	1507639.0	1441.937	0.048	0.00000	8.365 Mbps	0.977	40.645	0.000	5.800
138.903	5800	4.542	0.000	1511193.0	1419.099	0.106	0.00000	8.519 Mbps	0.972	37.700	0.000	5.800
140.396	5800	5.049	0.000	1696662.0	1492.267	0.048	0.00000	9.096 Mbps	0.976	38.592	0.000	5.800
141.951	5800	5.494	0.000	1656262.0	1555.273	0.092	0.00000	8.519 Mbps	0.973	38.001	0.000	5.800
143.413	5800	6.032	0.000	1660557.0	1462.214	0.083	0.00000	9.085 Mbps	0.971	37.667	0.000	5.800
144.738	5800	6.707	0.000	1321595.0	1325.000	0.067	0.00000	7.979 Mbps	0.972	37.773	0.000	5.800
146.090	5800	7.355	0.000	1429041.0	1352.000	0.089	0.00000	8.456 Mbps	0.980	40.048	0.000	5.800
147.606	5800	7.838	0.000	1725671.0	1516.414	0.054	0.00000	9.104 Mbps	0.969	42.610	0.000	5.800
148.921	5800	8.523	0.000	1361129.0	1315.000	0.068	0.00000	8.281 Mbps	0.981	40.508	0.000	5.800
150.312	5800	9.132	0.000	1470555.0	1391.000	0.058	0.00000	8.458 Mbps	0.994	49.216	0.000	5.800
151.931	5800	9.513	0.000	1707106.0	1618.971	0.049	0.00000	8.436 Mbps	0.978	44.779	0.000	5.800
153.651	5800	9.794	0.000	1521547.0	1719.617	0.049	0.00000	7.079 Mbps	0.987	44.221	0.000	5.800
155.765	5800	9.680	0.000	1813174.0	2113.591	0.041	0.00000	6.863 Mbps	0.979	41.675	0.000	5.800
157.815	5800	9.630	0.000	1624071.0	2049.925	0.051	0.00000	6.338 Mbps	0.980	42.506	0.000	5.800
160.338	5800	9.107	0.000	1846028.0	2523.429	0.085	0.00000	5.852 Mbps	0.984	43.654	0.000	5.800
162.074	5800	9.371	0.000	1352433.0	1735.932	0.060	0.00000	6.233 Mbps	0.983	42.184	0.000	5.800
164.199	5800	9.246	0.000	1372156.0	2125.374	0.050	0.00000	5.165 Mbps	0.990	46.743	0.000	5.800
166.706	5800	8.738	0.000	1713934.0	2507.163	0.050	0.00000	5.469 Mbps	0.986	45.814	0.000	5.800
169.845	5800	7.600	0.000	1719241.0	3138.489	0.060	0.00000	4.382 Mbps	0.985	45.350	0.000	5.800
173.059	5800	6.386	0.000	1423400.0	3214.183	0.131	0.00000	3.543 Mbps	0.988	46.856	0.000	5.800
176.236	5800	5.209	0.000	1420102.0	3176.444	0.071	0.00000	3.577 Mbps	0.989	47.624	0.000	5.800
178.924	4300	4.521	0.000	1196322.0	2688.506	0.076	0.00000	3.560 Mbps	0.924	30.308	0.000	2.800
181.892	4300	3.552	0.000	1324657.0	2968.332	0.048	0.00000	3.570 Mbps	0.921	29.716	0.000	4.300
185.055	4300	2.389	0.000	1413974.0	3163.083	0.047	0.00000	3.576 Mbps	0.980	40.232	0.000	4.300
187.527	4300	2.000	0.082	1096779.0	2471.459	0.069	0.00000	3.550 Mbps	0.970	40.682	0.000	3.454
189.456	3000	2.071	0.000	847926.0	1928.850	0.077	0.00000	3.517 Mbps	0.939	36.010	0.000	1.700
191.191	3000	2.336	0.000	759141.0	1735.260	0.069	0.00000	3.500 Mbps	0.971	39.748	0.000	3.000
193.305	3000	2.222	0.000	933202.0	2114.313	0.057	0.00000	3.531 Mbps	0.974	39.226	0.000	3.000
195.266	3000	2.261	0.000	849525.0	1960.869	0.091	0.00000	3.466 Mbps	0.970	38.554	0.000	3.000
196.847	3000	2.680	0.000	730514.0	1580.929	0.073	0.00000	3.697 Mbps	0.979	38.689	0.000	3.000
198.682	4300	2.845	0.000	1035382.0	1835.126	0.119	0.00000	4.514 Mbps	0.984	42.975	0.000	3.000

