1.957	3000	2.000	1.957	820609.0	1956.569	0.242	0.00000	3.355 Mbps	0.946	35.041	0.000	-17.153
2.286	375	3.670	0.000	114560.0	329.791	0.171	0.00000	2.779 Mbps	0.778	26.698	0.000	-2.250
2.596	375	5.361	0.000	109065.0	309.399	0.377	0.00000	2.820 Mbps	0.769	26.389	0.000	0.375
2.916	375	7.041	0.000	114069.0	319.924	0.145	0.00000	2.852 Mbps	0.787	27.060	0.000	0.375
3.546	1050	8.411	0.000	276027.0	630.021	0.056	0.00000	3.505 Mbps	0.869	29.904	0.000	0.375
4.187	1050	9.769	0.000	273405.0	641.783	0.222	0.00116	3.408 Mbps	0.847	29.420	0.000	1.050
5.118	1750	10.839	0.000	471228.0	930.492	0.217	0.00000	4.051 Mbps	0.924	34.177	0.000	1.050
5.988	1750	11.969	0.000	466402.0	869.809	0.137	0.00000	4.290 Mbps	0.931	34.572	0.000	1.750
7.715	3000	12.241	0.000	896417.0	1727.286	0.285	0.01282	4.152 Mbps	-1.000	0.000	1.000	1.750
7.980	375	11.976	0.000	109135.0	265.026	0.267	0.00000	3.294 Mbps	0.893	32.076	0.000	-2.250
9.306	3000	12.650	0.000	742539.0	1326.297	0.225	0.00000	4.479 Mbps	0.946	36.478	0.000	0.375
10.554	3000	13.403	0.000	795617.0	1247.639	0.083	0.00000	5.102 Mbps	0.983	37.666	0.000	3.000
12.415	4300	13.541	0.000	1262526.0	1861.220	0.212	0.00000	5.427 Mbps	0.969	35.426	0.000	3.000
13.980	4300	13.977	0.000	1074521.0	1564.322	0.176	0.00000	5.495 Mbps	0.961	34.653	0.000	4.300
15.868	4300	14.088	0.000	1178712.0	1888.719	0.045	0.00000	4.993 Mbps	0.965	34.528	0.000	4.300
17.400	4300	14.557	0.000	962332.0	1531.276	0.112	0.00858	5.028 Mbps	0.588	10.548	0.000	4.300
20.414	5800	13.543	0.000	1720225.0	3014.239	0.214	0.00000	4.566 Mbps	0.975	42.722	0.000	4.300
22.589	4300	13.367	0.000	1042127.0	2175.273	0.234	0.00036	3.833 Mbps	-1.000	0.000	1.000	2.800
22.818	375	13.139	0.000	95143.0	228.508	0.088	0.00000	3.331 Mbps	0.902	33.330	0.000	-3.550
24.507	4300	13.449	0.000	1041432.0	1689.531	0.313	0.00000	4.931 Mbps	0.973	42.333	0.000	0.375
26.315	4300	13.641	0.000	1206114.0	1808.296	0.313	0.00000	5.336 Mbps	0.983	45.258	0.000	4.300
27.972	4300	13.985	0.000	1221449.0	1656.491	0.163	0.00750	5.899 Mbps	0.384	14.813	0.000	4.300
29.384	4300	14.573	0.000	1135787.0	1411.738	0.180	0.00000	6.436 Mbps	0.901	34.005	0.000	4.300
31.096	5800	14.861	0.000	1588614.0	1712.160	0.213	0.00000	7.423 Mbps	0.967	37.452	0.000	4.300
32.426	5800	15.531	0.000	1417020.0	1330.073	0.178	0.00000	8.523 Mbps	0.981	42.247	0.000	5.800
33.837	5800	16.120	0.000	1448503.0	1411.111	0.386	0.00284	8.212 Mbps	-1.000	0.000	1.000	5.800
34.025	375	15.932	0.000	100121.0	187.824	0.617	0.00000	4.264 Mbps	0.923	33.238	0.000	-5.050
36.112	5800	15.845	0.000	1693054.0	2087.208	0.166	0.00000	6.489 Mbps	0.995	50.735	0.000	0.375
38.462	5800	15.495	0.000	1566935.0	2349.916	0.186	0.00000	5.334 Mbps	0.989	44.088	0.000	5.800
41.592	5800	14.365	0.000	1638624.0	3130.066	0.204	0.00000	4.188 Mbps	0.993	46.510	0.000	5.800
45.094	5800	12.863	0.000	1581328.0	3501.515	0.186	0.00000	3.613 Mbps	0.987	45.843	0.000	5.800
47.146	3000	12.810	0.000	910409.0	2052.567	0.153	0.00000	3.548 Mbps	0.968	40.460	0.000	0.200
48.442	3000	13.515	0.000	557657.0	1295.936	0.128	0.00000	3.442 Mbps	0.978	38.581	0.000	3.000
51.137	4300	12.820	0.000	1186224.0	2694.813	0.193	0.00110	3.522 Mbps	0.973	40.294	0.000	3.000
52.795	3000	13.162	0.000	735345.0	1658.024	0.157	0.00000	3.548 Mbps	0.963	38.375	0.000	1.700
55.396	4300	12.561	0.000	1096651.0	2600.853	0.174	0.00000	3.373 Mbps	0.989	44.828	0.000	3.000
57.299	3000	12.658	0.000	847207.0	1903.070	0.230	0.00000	3.561 Mbps	0.970	40.272	0.000	1.700
58.856	3000	13.101	0.000	836332.0	1556.809	0.263	0.00000	4.298 Mbps	0.952	36.586	0.000	3.000
60.758	4300	13.199	0.000	1111651.0	1902.358	0.349	0.00156	4.675 Mbps	0.848	29.193	0.000	3.000
62.708	4300	13.248	0.000	1153282.0	1950.218	0.171	0.00220	4.731 Mbps	-1.000	0.000	1.000	4.300
62.956	375	13.000	0.000	103641.0	247.971	0.345	0.02041	3.344 Mbps	-1.000	0.000	0.000	-3.550
64.514	3000	13.443	0.000	887327.0	1557.825	0.236	0.00000	4.557 Mbps	0.866	31.106	0.000	0.375
66.431	4300	13.526	0.000	1242112.0	1916.678	0.394	0.00000	5.184 Mbps	0.882	31.868	0.000	3.000
67.776	4300	14.181	0.000	917996.0	1345.328	0.154	0.00487	5.459 Mbps	0.908	34.019	0.000	4.300
69.450	4300	14.507	0.000	1245214.0	1673.943	0.372	0.00000	5.951 Mbps	0.941	37.246	0.000	4.300
71.751	5800	14.206	0.000	1636097.0	2300.912	0.117	0.00251	5.689 Mbps	0.557	16.842	0.000	4.300
73.186	4300	14.770	0.000	1125330.0	1435.274	0.120	0.00383	6.272 Mbps	0.938	34.335	0.000	2.800
75.101	5800	14.855	0.000	1488333.0	1915.355	0.159	0.00000	6.216 Mbps	0.918	30.585	0.000	4.300
76.925	5800	15.032	0.000	1567569.0	1823.379	0.220	0.00000	6.878 Mbps	0.910	29.449	0.000	5.800
78.531	5800	15.426	0.000	1381102.0	1606.208	0.266	0.00423	6.879 Mbps	0.486	10.984	0.000	5.800
80.511	5800	15.446	0.000	1668337.0	1979.754	0.214	0.00040	6.742 Mbps	0.752	18.307	0.000	5.800
82.317	5800	15.639	0.000	1613698.0	1806.553	0.187	0.00000	7.146 Mbps	0.985	41.946	0.000	5.800
84.066	5800	15.890	0.000	1677909.0	1749.034	0.313	0.00183	7.675 Mbps	-1.000	0.000	1.000	5.800
84.264	375	15.692	0.000	128640.0	197.862	0.404	0.03184	5.201 Mbps	-1.000	0.000	0.000	-5.050
85.524	5800	16.433	0.000	1269746.0	1259.735	0.095	0.00000	8.064 Mbps	0.983	41.297	0.000	0.375
86.614	5800	17.343	0.000	1150360.0	1089.615	0.156	0.00060	8.446 Mbps	0.413	4.633	0.000	5.800
87.743	5800	18.213	0.000	1260920.0	1129.564	0.118	0.00000	8.930 Mbps	0.994	43.945	0.000	5.800
89.477	5800	18.479	0.000	1273130.0	1234.168	0.146	0.00000	8.253 Mbps	0.998	48.983	0.000	5.800
92.003	5800	18.454	0.000	1135942.0	1025.535	0.134	0.00000	8.861 Mbps	0.998	47.964	0.000	5.800
95.716	5800	18.240	0.000	761002.0	713.443	0.141	0.01103	8.533 Mbps	0.366	4.019	0.000	5.800
100.413	5800	18.544	0.000	1341515.0	1196.650	0.304	0.00086	8.968 Mbps	0.528	11.700	0.000	5.800
106.264	5800	18.193	0.000	1527061.0	1351.095	0.165	0.00654	9.042 Mbps	-1.000	0.000	1.000	5.800
110.443	375	18.514	0.000	118532.0	178.664	0.287	0.03519	5.307 Mbps	0.905	29.629	0.000	-5.050
116.370	5800	18.586	0.000	1618765.0	1427.427	0.250	0.00000	9.072 Mbps	0.992	46.885	0.000	0.375
123.251	5800	18.206	0.000	1562534.0	1380.622	0.155	0.00000	9.054 Mbps	0.993	47.684	0.000	5.800
130.594	5800	18.363	0.000	1382285.0	1343.253	0.199	0.00299	8.232 Mbps	0.532	11.960	0.000	5.800
138.697	5800	18.259	0.000	1463120.0	1603.391	0.181	0.00000	7.300 Mbps	0.978	42.438	0.000	5.800
147.330	5800	18.126	0.000	1655357.0	2132.837	0.121	0.00000	6.209 Mbps	0.987	45.536	0.000	5.800
155.644	5800	18.313	0.000	1730455.0	2813.759	0.148	0.00000	4.920 Mbps	0.978	43.671	0.000	5.800
163.217	5800	18.240	0.000	1584844.0	3572.845	0.303	0.00005	3.549 Mbps	0.985	43.565	0.000	5.800
169.232	5800	18.224	0.000	1346286.0	3015.493	0.092	0.00195	3.572 Mbps	0.985	45.283	0.000	5.800
173.968	5800	18.489	0.000	1661679.0	3735.449	0.056	0.00000	3.559 Mbps	0.940	31.456	0.000	5.800
177.131	5800	18.325	0.000	1414228.0	3163.636	0.221	0.00000	3.576 Mbps	0.973	37.630	0.000	5.800
180.838	5800	16.619	0.000	1624402.0	3706.138	0.105	0.00000	3.506 Mbps	0.973	37.644	0.000	5.800
184.637	5800	14.820	0.000	1586444.0	3799.432	0.207	0.00030	3.340 Mbps	0.973	38.895	0.000	5.800
187.625	5800	13.832	0.000	1507639.0	2987.552	0.115	0.00000	4.037 Mbps	0.977	40.645	0.000	5.800
189.415	4300	14.041	0.000	1141084.0	1790.835	0.275	0.00181	5.097 Mbps	0.313	11.073	0.000	2.800
191.179	4300	14.278	0.000	1259456.0	1763.589	0.188	0.01310	5.713 Mbps	0.311	11.837	0.000	4.300
192.800	4300	14.656	0.000	1259182.0	1621.509	0.142	0.00000	6.212 Mbps	0.960	36.019	0.000	4.300
194.791	5800	14.665	0.000	1660557.0	1990.926	0.149	0.00376	6.673 Mbps	-1.000	0.000	1.000	4.300
195.007	375	14.450	0.000	119208.0	215.647	0.179	0.00000	4.422 Mbps	0.610	23.499	0.000	-5.050
196.373	5800	15.084	0.000	1321595.0	1365.575	0.091	0.00515	7.742 Mbps	-1.000	0.000	1.000	0.375
196.524	375	14.932	0.000	85990.0	151.576	0.083	0.00000	4.538 Mbps	0.604	23.364	0.000	-5.050
197.826	5800	15.630	0.000	1429041.0	1302.109	0.095	0.00129	8.780 Mbps	-1.000	0.000	1.000	0.375
197.993	375	15.463	0.000	104418.0	166.915	0.357	0.00000	5.005 Mbps	0.811	27.003	0.000	-5.050
199.614	5800	15.842	0.000	1725671.0	1621.142	0.077	0.00000	8.516 Mbps	0.969	42.610	0.000	0.375
200.827	5800	16.629	0.000	1361129.0	1212.976	0.308	0.00000	8.977 Mbps	0.981	40.508	0.000	5.800
202.193	5800	17.264	0.000	1470555.0	1365.377	0.140	0.00000	8.616 Mbps	0.994	49.216	0.000	5.800
203.694	5800	17.763	0.000	1707106.0	1500.961	0.188	0.00000	9.099 Mbps	0.978	44.779	0.000	5.800
205.040	5800	18.416	0.000	1521547.0	1346.505	0.084	0.00000	9.040 Mbps	0.987	44.221	0.000	5.800
207.129	5800	18.327	0.000	1813174.0	1589.249	0.144	0.00629	9.127 Mbps	-1.000	0.000	1.000	5.800
207.813	375	18.144	0.000	124418.0	183.563	0.120	0.00000	5.422 Mbps	0.845	27.368	0.000	-5.050
210.245	5800	18.212	0.000	1624071.0	1431.844	0.208	0.00687	9.074 Mbps	0.980	42.506	0.000	0.375
212.861	5800	18.595	0.000	1846028.0	1616.597	0.199	0.00000	9.135 Mbps	0.984	43.654	0.000	5.800
216.067	5800	18.389	0.000	1352433.0	1205.738	0.171	0.00004	8.973 Mbps	0.517	10.358	0.000	5.800
219.886	5800	18.571	0.000	1372156.0	1318.503	0.140	0.00099	8.326 Mbps	0.990	46.743	0.000	5.800
224.722	5800	18.235	0.000	1713934.0	1835.909	0.141	0.00000	7.468 Mbps	0.986	45.814	0.000	5.800
229.770	5800	18.186	0.000	1719241.0	2048.584	0.321	0.00478	6.714 Mbps	0.684	13.916	0.000	5.800
234.422	5800	18.535	0.000	1423400.0	1651.407	0.138	0.00000	6.895 Mbps	0.988	46.856	0.000	5.800
239.398	5800	18.559	0.000	1420102.0	1975.973	0.188	0.00163	5.749 Mbps	-1.000	0.000	1.000	5.800
242.614	375	18.343	0.000	99677.0	216.202	0.424	0.00000	3.688 Mbps	0.938	34.343	0.000	-5.050
247.763	5800	18.194	0.000	1606277.0	2149.039	0.162	0.00000	5.980 Mbps	0.953	32.814	0.000	0.375
252.710	5800	18.247	0.000	1733100.0	2446.914	0.194	0.00018	5.666 Mbps	0.279	10.436	0.000	5.800
256.902	5800	18.555	0.000	1863467.0	2692.184	0.104	0.00000	5.537 Mbps	0.986	42.174	0.000	5.800
260.529	5800	18.427	0.000	1452790.0	2627.308	0.242	0.00000	4.424 Mbps	0.981	43.009	0.000	5.800
263.914	5800	18.043	0.000	1508981.0	3384.499	0.390	0.00000	3.567 Mbps	0.980	42.780	0.000	5.800
267.120	5800	16.836	0.000	1433891.0	3206.510	0.111	0.00000	3.577 Mbps	0.984	45.077	0.000	5.800
270.858	5800	15.099	0.000	1677364.0	3737.388	0.322	0.00219	3.590 Mbps	-1.000	0.000	1.000	5.800
271.203	375	14.754	0.000	121610.0	345.163	0.229	0.00000	2.819 Mbps	0.900	31.572	0.000	-5.050
275.042	5800	12.914	0.000	1724153.0	3839.409	0.158	0.00000	3.593 Mbps	0.985	43.631	0.000	0.375
276.715	3000	13.242	0.000	730514.0	1672.840	0.103	0.00000	3.494 Mbps	0.979	38.689	0.000	0.200
279.053	4300	12.904	0.000	1035382.0	2337.586	0.156	0.00395	3.543 Mbps	0.743	12.229	0.000	3.000

