1.957	3000	2.000	1.957	820609.0	1956.569	0.215	0.00198	3.355 Mbps	0.462	12.968	0.000	-17.153
2.510	375	3.447	0.000	114560.0	553.000	0.173	0.01300	1.657 Mbps	-1.000	0.000	1.000	-2.250
2.831	375	3.126	0.000	114560.0	320.957	0.270	0.00000	2.855 Mbps	0.778	26.698	0.000	0.375
3.344	375	4.613	0.000	109065.0	513.000	0.176	0.00467	1.701 Mbps	0.769	26.389	0.000	0.375
3.876	375	6.081	0.000	114069.0	532.000	0.210	0.02106	1.715 Mbps	0.508	14.619	0.000	0.375
4.380	375	7.577	0.000	102554.0	504.000	0.198	0.01615	1.628 Mbps	0.778	26.624	0.000	0.375
5.429	1050	8.528	0.000	273405.0	1049.000	0.196	0.00713	2.085 Mbps	-1.000	0.000	1.000	0.375
5.684	375	8.273	0.000	104262.0	255.257	0.467	0.03260	3.268 Mbps	-1.000	0.000	0.000	-0.300
6.752	1050	9.205	0.000	291257.0	1068.000	0.194	0.00181	2.182 Mbps	0.571	12.606	0.000	0.375
7.834	1050	10.123	0.000	280407.0	1082.000	0.148	0.00163	2.073 Mbps	0.913	33.428	0.000	1.050
9.239	1750	10.718	0.000	522426.0	1405.000	0.200	0.00073	2.975 Mbps	0.947	36.108	0.000	1.050
10.523	1750	11.434	0.000	433095.0	1284.000	0.205	0.00079	2.698 Mbps	0.922	34.227	0.000	1.750
12.013	3000	11.944	0.000	795617.0	1490.000	0.215	0.00095	4.272 Mbps	0.983	37.666	0.000	1.750
13.424	3000	12.533	0.000	879925.0	1411.000	0.183	0.00000	4.989 Mbps	0.945	32.271	0.000	3.000
14.855	3000	13.102	0.000	758335.0	1431.000	0.151	0.00098	4.239 Mbps	0.939	32.187	0.000	3.000
16.765	4300	13.191	0.000	1178712.0	1910.494	0.206	0.00094	4.936 Mbps	0.506	10.569	0.000	3.000
18.455	4300	13.502	0.000	962332.0	1689.621	0.223	0.00289	4.556 Mbps	0.544	10.707	0.000	4.300
20.741	4300	13.216	0.000	1265449.0	2285.659	0.205	0.00243	4.429 Mbps	0.967	41.167	0.000	4.300
22.883	4300	13.073	0.000	1042127.0	2142.805	0.213	0.00200	3.891 Mbps	0.968	40.483	0.000	4.300
24.574	4300	13.383	0.000	1041432.0	1690.459	0.192	0.00031	4.929 Mbps	-1.000	0.000	1.000	4.300
24.814	375	13.142	0.000	107934.0	240.379	0.290	0.11450	3.592 Mbps	-1.000	0.000	0.000	-3.550
26.500	4300	13.456	0.000	1206114.0	1685.940	0.218	0.00127	5.723 Mbps	0.983	45.258	0.000	0.375
28.151	4300	13.806	0.000	1221449.0	1650.745	0.177	0.00104	5.920 Mbps	0.976	41.825	0.000	4.300
29.667	4300	14.290	0.000	1135787.0	1516.000	0.205	0.00190	5.994 Mbps	0.901	34.005	0.000	4.300
31.148	4300	14.809	0.000	1155212.0	1481.000	0.213	0.00144	6.240 Mbps	0.953	35.672	0.000	4.300
32.742	5800	15.215	0.000	1417020.0	1594.000	0.178	0.00140	7.112 Mbps	0.981	42.247	0.000	4.300
34.409	5800	15.548	0.000	1448503.0	1667.000	0.268	0.00192	6.951 Mbps	0.982	42.512	0.000	5.800
36.704	5800	15.252	0.000	1693054.0	2295.526	0.216	0.00381	5.900 Mbps	0.995	50.735	0.000	5.800
39.020	5800	14.937	0.000	1566935.0	2315.658	0.202	0.00095	5.413 Mbps	0.989	44.088	0.000	5.800
42.293	5800	13.664	0.000	1638624.0	3272.551	0.192	0.00043	4.006 Mbps	-1.000	0.000	1.000	5.800
42.619	375	13.338	0.000	112964.0	326.311	0.301	0.00000	2.769 Mbps	0.857	30.983	0.000	-5.050
45.180	4300	12.777	0.000	1160358.0	2560.658	0.208	0.00093	3.625 Mbps	0.983	44.342	0.000	0.375
47.234	3000	12.723	0.000	910409.0	2053.974	0.174	0.00096	3.546 Mbps	0.968	40.460	0.000	1.700
48.664	3000	13.293	0.000	557657.0	1430.000	0.233	0.00250	3.120 Mbps	0.909	22.265	0.000	3.000
51.358	4300	12.598	0.000	1186224.0	2694.813	0.192	0.00000	3.522 Mbps	0.973	40.294	0.000	3.000
53.059	3000	12.898	0.000	735345.0	1700.488	0.231	0.00123	3.459 Mbps	0.721	13.534	0.000	1.700
54.901	3000	13.056	0.000	783613.0	1842.166	0.185	0.00096	3.403 Mbps	0.966	29.609	0.000	3.000
56.684	3000	13.272	0.000	847207.0	1783.061	0.243	0.00046	3.801 Mbps	0.970	40.272	0.000	3.000
58.942	4300	13.014	0.000	1143546.0	2258.099	0.178	0.00236	4.051 Mbps	0.969	38.997	0.000	3.000
60.363	3000	13.593	0.000	777438.0	1421.000	0.207	0.00119	4.377 Mbps	0.313	10.714	0.000	1.700
62.320	4300	13.637	0.000	1153282.0	1956.320	0.183	0.00147	4.716 Mbps	0.875	30.818	0.000	3.000
64.563	4300	13.394	0.000	1253407.0	2243.122	0.238	0.00186	4.470 Mbps	0.888	32.682	0.000	4.300
66.489	4300	13.468	0.000	1242112.0	1926.119	0.169	0.00043	5.159 Mbps	0.882	31.868	0.000	4.300
68.015	4300	13.942	0.000	917996.0	1526.000	0.203	0.00146	4.813 Mbps	0.908	34.019	0.000	4.300
69.658	4300	14.299	0.000	1245214.0	1643.228	0.165	0.00089	6.062 Mbps	0.677	19.200	0.000	4.300
71.875	5800	14.082	0.000	1636097.0	2216.654	0.179	0.00184	5.905 Mbps	0.958	37.997	0.000	4.300
73.472	4300	14.485	0.000	1125330.0	1597.000	0.234	0.00048	5.637 Mbps	0.938	34.335	0.000	2.800
75.313	5800	14.644	0.000	1488333.0	1841.181	0.190	0.00049	6.467 Mbps	0.918	30.585	0.000	4.300
77.169	5800	14.787	0.000	1567569.0	1856.645	0.200	0.00142	6.754 Mbps	0.910	29.449	0.000	5.800
78.807	5800	15.150	0.000	1381102.0	1637.527	0.210	0.00288	6.747 Mbps	0.440	10.506	0.000	5.800
80.841	5800	15.116	0.000	1668337.0	2033.531	0.215	0.00231	6.563 Mbps	0.970	29.602	0.000	5.800
82.726	5800	15.231	0.000	1613698.0	1885.406	0.232	0.00483	6.847 Mbps	0.591	12.622	0.000	5.800
84.405	5800	15.552	0.000	1677909.0	1678.706	0.232	0.00151	7.996 Mbps	0.985	41.871	0.000	5.800
85.936	5800	16.021	0.000	1269746.0	1531.000	0.224	0.00212	6.635 Mbps	-1.000	0.000	1.000	5.800
86.094	375	15.862	0.000	94558.0	158.708	0.328	0.00000	4.766 Mbps	0.751	26.199	0.000	-5.050
87.596	5800	16.360	0.000	1150360.0	1502.000	0.168	0.00035	6.127 Mbps	0.997	46.908	0.000	0.375
89.193	5800	16.763	0.000	1260920.0	1597.000	0.231	0.00327	6.316 Mbps	0.994	43.945	0.000	5.800
90.709	5800	17.247	0.000	1273130.0	1516.000	0.167	0.00051	6.718 Mbps	0.703	13.197	0.000	5.800
92.220	5800	17.736	0.000	1135942.0	1511.000	0.230	0.00091	6.014 Mbps	0.998	47.964	0.000	5.800
93.697	5800	18.259	0.000	761002.0	1477.000	0.223	0.00141	4.122 Mbps	0.751	14.232	0.000	5.800
95.803	5800	18.153	0.000	1341515.0	1606.000	0.202	0.00049	6.683 Mbps	0.989	44.877	0.000	5.800
97.931	5800	18.525	0.000	1527061.0	1628.000	0.213	0.00184	7.504 Mbps	0.991	46.438	0.000	5.800
100.616	5800	18.340	0.000	1618765.0	1684.871	0.199	0.00145	7.686 Mbps	0.992	46.885	0.000	5.800
103.653	5800	18.304	0.000	1562534.0	2036.617	0.209	0.00094	6.138 Mbps	0.633	13.042	0.000	5.800
106.420	5800	18.537	0.000	1382285.0	2266.729	0.190	0.00231	4.879 Mbps	0.446	8.550	0.000	5.800
109.646	5800	17.810	0.000	1463120.0	3226.890	0.214	0.00238	3.627 Mbps	0.611	14.045	0.000	5.800
113.336	5800	16.121	0.000	1655357.0	3689.403	0.165	0.00095	3.589 Mbps	0.987	45.536	0.000	5.800
117.221	5800	14.235	0.000	1730455.0	3885.411	0.206	0.00000	3.563 Mbps	0.978	43.671	0.000	5.800
119.952	4300	13.505	0.000	1215517.0	2730.359	0.142	0.00000	3.561 Mbps	0.978	41.781	0.000	2.800
122.134	4300	13.322	0.000	964253.0	2182.494	0.175	0.00000	3.534 Mbps	0.980	43.703	0.000	4.300
125.072	4300	12.384	0.000	1232752.0	2937.960	0.217	0.00094	3.357 Mbps	0.908	29.432	0.000	4.300
126.724	3000	12.732	0.000	734871.0	1652.181	0.212	0.00241	3.558 Mbps	0.941	33.199	0.000	1.700
128.774	3000	12.683	0.000	827351.0	2049.660	0.172	0.00098	3.229 Mbps	0.942	32.977	0.000	3.000
130.678	3000	12.779	0.000	815695.0	1904.098	0.204	0.00057	3.427 Mbps	0.417	11.100	0.000	3.000
132.144	3000	13.313	0.000	786164.0	1466.000	0.222	0.00100	4.290 Mbps	0.955	36.547	0.000	3.000
133.954	4300	13.502	0.000	1141084.0	1810.110	0.214	0.00148	5.043 Mbps	0.353	12.540	0.000	3.000
135.706	4300	13.750	0.000	1259456.0	1752.304	0.208	0.00238	5.750 Mbps	0.460	13.854	0.000	4.300
137.269	4300	14.187	0.000	1259182.0	1562.759	0.172	0.00000	6.446 Mbps	0.960	36.019	0.000	4.300
138.893	4300	14.563	0.000	1251521.0	1624.000	0.222	0.00044	6.165 Mbps	0.960	35.940	0.000	4.300
140.449	5800	15.007	0.000	1321595.0	1556.000	0.198	0.00181	6.795 Mbps	0.882	23.274	0.000	4.300
141.996	5800	15.460	0.000	1429041.0	1547.000	0.198	0.00202	7.390 Mbps	0.980	40.048	0.000	5.800
143.629	5800	15.828	0.000	1725671.0	1632.357	0.191	0.00190	8.457 Mbps	0.597	11.539	0.000	5.800
145.185	5800	16.272	0.000	1361129.0	1556.000	0.192	0.00141	6.998 Mbps	0.981	40.508	0.000	5.800
146.794	5800	16.663	0.000	1470555.0	1609.000	0.201	0.00143	7.312 Mbps	0.994	49.216	0.000	5.800
148.350	5800	17.107	0.000	1707106.0	1556.000	0.189	0.00140	8.777 Mbps	0.978	44.779	0.000	5.800
149.952	5800	17.505	0.000	1521547.0	1602.000	0.210	0.00141	7.598 Mbps	0.987	44.221	0.000	5.800
151.541	5800	17.916	0.000	1813174.0	1589.249	0.176	0.00047	9.127 Mbps	0.979	41.675	0.000	5.800
153.145	5800	18.312	0.000	1624071.0	1604.000	0.163	0.00047	8.100 Mbps	0.980	42.506	0.000	5.800
155.299	5800	18.158	0.000	1846028.0	1653.901	0.176	0.00000	8.929 Mbps	0.984	43.654	0.000	5.800
157.843	5800	18.114	0.000	1352433.0	1544.000	0.218	0.00045	7.007 Mbps	0.983	42.184	0.000	5.800
160.377	5800	18.580	0.000	1372156.0	1534.331	0.206	0.00238	7.154 Mbps	0.990	46.743	0.000	5.800
163.376	5800	18.581	0.000	1713934.0	1998.768	0.246	0.00208	6.860 Mbps	0.986	45.814	0.000	5.800
166.610	5800	18.347	0.000	1719241.0	2234.157	0.191	0.00044	6.156 Mbps	0.985	45.350	0.000	5.800
169.577	5800	18.380	0.000	1423400.0	1967.106	0.174	0.00238	5.789 Mbps	0.988	46.856	0.000	5.800
172.395	5800	18.562	0.000	1420102.0	1817.891	0.288	0.00233	6.249 Mbps	0.906	20.241	0.000	5.800
175.617	5800	18.340	0.000	1606277.0	2221.881	0.164	0.00051	5.783 Mbps	0.305	10.076	0.000	5.800
178.644	5800	18.313	0.000	1733100.0	2527.020	0.219	0.00000	5.487 Mbps	0.943	31.452	0.000	5.800
181.902	5800	17.554	0.000	1863467.0	3258.334	0.190	0.00097	4.575 Mbps	0.925	25.868	0.000	5.800
185.167	5800	16.289	0.000	1452790.0	3265.300	0.207	0.00284	3.559 Mbps	0.409	11.257	0.000	5.800
188.538	5800	14.919	0.000	1508981.0	3370.239	0.213	0.00149	3.582 Mbps	0.674	15.498	0.000	5.800
191.744	5800	13.712	0.000	1433891.0	3206.510	0.206	0.00141	3.577 Mbps	0.877	20.321	0.000	5.800
194.603	4300	12.853	0.000	1274531.0	2859.036	0.227	0.00142	3.566 Mbps	0.602	12.211	0.000	2.800
196.536	3000	12.921	0.000	849525.0	1932.337	0.252	0.00138	3.517 Mbps	0.708	16.341	0.000	1.700
198.208	3000	13.248	0.000	730514.0	1672.840	0.169	0.00047	3.494 Mbps	0.979	38.689	0.000	3.000
200.546	4300	12.911	0.000	1035382.0	2337.586	0.220	0.00231	3.543 Mbps	0.984	42.975	0.000	3.000

