1.957	3000	2.000	1.957	820609.0	1956.569	0.237	0.00146	3.355 Mbps	0.946	35.041	0.000	-17.153
3.368	1750	2.589	0.000	516104.0	1411.000	0.237	0.00370	2.926 Mbps	-1.000	0.000	1.000	0.500
3.683	375	2.274	0.000	114560.0	315.394	0.275	0.00000	2.906 Mbps	0.778	26.698	0.000	-1.000
5.033	1750	2.924	0.000	486227.0	1350.000	0.187	0.00115	2.881 Mbps	0.901	31.229	0.000	0.375
6.631	3000	3.326	0.000	871216.0	1597.755	0.205	0.00045	4.362 Mbps	0.943	34.723	0.000	1.750
8.783	4300	3.173	0.000	1145415.0	2152.530	0.177	0.00097	4.257 Mbps	0.959	36.908	0.000	3.000
10.262	3000	3.694	0.000	757450.0	1479.000	0.227	0.00090	4.097 Mbps	0.917	32.754	0.000	1.700
12.484	5800	3.472	0.000	1522590.0	2222.086	0.210	0.00139	5.482 Mbps	0.972	40.002	0.000	3.000
14.692	5800	3.265	0.000	1495913.0	2207.419	0.197	0.00096	5.421 Mbps	0.973	40.353	0.000	5.800
16.755	4300	3.202	0.000	1277041.0	2063.050	0.160	0.00097	4.952 Mbps	0.969	40.229	0.000	2.800
18.838	4300	3.118	0.000	1064186.0	2083.607	0.204	0.00051	4.086 Mbps	0.960	38.316	0.000	4.300
20.963	4300	2.994	0.000	1114493.0	2124.614	0.233	0.00045	4.196 Mbps	0.992	43.768	0.000	4.300
22.722	3000	3.235	0.000	879925.0	1758.535	0.205	0.00142	4.003 Mbps	0.752	9.586	0.000	1.700
24.206	3000	3.751	0.000	758335.0	1484.000	0.227	0.00193	4.088 Mbps	0.517	7.383	0.000	3.000
25.851	4300	4.106	0.000	1178712.0	1645.003	0.176	0.00000	5.732 Mbps	0.965	34.528	0.000	3.000
27.629	5800	4.327	0.000	1318941.0	1778.542	0.190	0.00184	5.933 Mbps	0.983	38.740	0.000	4.300
29.663	5800	4.293	0.000	1720225.0	2034.123	0.179	0.00089	6.765 Mbps	0.975	42.722	0.000	5.800
31.201	5800	4.755	0.000	1401455.0	1538.000	0.188	0.00191	7.290 Mbps	0.552	13.311	0.000	5.800
32.734	5800	5.222	0.000	1415850.0	1533.000	0.204	0.00048	7.389 Mbps	0.981	43.819	0.000	5.800
34.751	5800	5.205	0.000	1651825.0	2016.930	0.180	0.00097	6.552 Mbps	0.594	13.306	0.000	5.800
37.034	5800	4.922	0.000	1553617.0	2283.247	0.187	0.00098	5.444 Mbps	0.984	43.815	0.000	5.800
39.314	5800	4.643	0.000	1549791.0	2279.549	0.220	0.00044	5.439 Mbps	0.939	36.093	0.000	5.800
42.754	5800	3.202	0.000	1588614.0	3440.480	0.235	0.00245	3.694 Mbps	0.878	18.029	0.000	5.800
44.488	3000	3.469	0.000	758937.0	1733.318	0.209	0.00279	3.503 Mbps	0.966	39.774	0.000	0.200
46.263	3000	3.694	0.000	764632.0	1775.114	0.241	0.00186	3.446 Mbps	0.964	38.810	0.000	3.000
48.088	3000	3.869	0.000	862347.0	1824.675	0.171	0.00050	3.781 Mbps	0.988	46.158	0.000	3.000
50.715	4300	3.242	0.000	1155731.0	2627.161	0.170	0.00133	3.519 Mbps	0.984	42.222	0.000	3.000
52.717	3000	3.240	0.000	860432.0	2002.074	0.194	0.00049	3.438 Mbps	0.972	38.839	0.000	1.700
54.702	3000	3.254	0.000	830717.0	1985.313	0.200	0.00094	3.347 Mbps	0.976	42.048	0.000	3.000
56.789	3000	3.167	0.000	910409.0	2087.209	0.214	0.00235	3.489 Mbps	0.827	16.831	0.000	3.000
58.216	3000	3.740	0.000	557657.0	1427.000	0.248	0.00237	3.126 Mbps	0.721	11.947	0.000	3.000
60.243	4300	3.714	0.000	1186224.0	2026.669	0.211	0.00244	4.682 Mbps	0.973	40.294	0.000	3.000
61.969	4300	3.987	0.000	1040422.0	1726.246	0.195	0.00139	4.822 Mbps	0.974	40.293	0.000	4.300
64.588	5800	3.369	0.000	1452782.0	2618.709	0.185	0.00101	4.438 Mbps	0.992	46.263	0.000	4.300
66.428	4300	3.529	0.000	1289005.0	1840.020	0.192	0.00084	5.604 Mbps	0.980	42.615	0.000	2.800
68.590	5800	3.367	0.000	1552646.0	2161.968	0.220	0.00144	5.745 Mbps	-1.000	0.000	1.000	4.300
68.822	375	3.134	0.000	104181.0	232.551	0.298	0.15418	3.584 Mbps	-1.000	0.000	0.000	-5.050
70.522	4300	3.435	0.000	1111651.0	1699.122	0.223	0.00049	5.234 Mbps	0.848	29.193	0.000	0.375
72.429	5800	3.528	0.000	1563987.0	1907.006	0.174	0.00048	6.561 Mbps	0.914	32.508	0.000	4.300
74.565	5800	3.392	0.000	1695101.0	2136.311	0.182	0.00045	6.348 Mbps	0.922	34.371	0.000	5.800
76.508	5800	3.448	0.000	1663740.0	1943.441	0.216	0.00239	6.849 Mbps	0.635	16.503	0.000	5.800
78.031	5800	3.925	0.000	1227176.0	1523.000	0.200	0.00143	6.446 Mbps	0.933	35.716	0.000	5.800
80.069	5800	3.888	0.000	1698056.0	2037.502	0.200	0.00000	6.667 Mbps	0.958	39.106	0.000	5.800
81.953	5800	4.003	0.000	1636097.0	1884.276	0.202	0.00050	6.946 Mbps	0.958	37.997	0.000	5.800
83.666	5800	4.290	0.000	1520273.0	1713.000	0.263	0.00485	7.100 Mbps	0.958	36.269	0.000	5.800
85.282	5800	4.674	0.000	1488333.0	1616.000	0.251	0.00099	7.368 Mbps	0.918	30.585	0.000	5.800
86.877	5800	5.079	0.000	1567569.0	1595.000	0.207	0.00060	7.862 Mbps	0.910	29.449	0.000	5.800
88.430	5800	5.526	0.000	1381102.0	1553.000	0.219	0.00044	7.114 Mbps	0.977	39.181	0.000	5.800
90.074	5800	5.882	0.000	1668337.0	1644.000	0.167	0.00223	8.118 Mbps	0.506	12.155	0.000	5.800
91.730	5800	6.226	0.000	1613698.0	1656.000	0.220	0.00281	7.796 Mbps	0.442	9.886	0.000	5.800
93.352	5800	6.604	0.000	1677909.0	1622.000	0.187	0.00193	8.276 Mbps	0.431	10.501	0.000	5.800
94.867	5800	7.089	0.000	1269746.0	1515.000	0.231	0.00283	6.705 Mbps	0.672	15.463	0.000	5.800
96.393	5800	7.563	0.000	1150360.0	1526.000	0.205	0.00239	6.031 Mbps	0.997	46.908	0.000	5.800
97.934	5800	8.022	0.000	1260920.0	1541.000	0.183	0.00100	6.546 Mbps	0.994	43.945	0.000	5.800
99.587	5800	8.369	0.000	1273130.0	1653.199	0.184	0.00195	6.161 Mbps	0.445	8.222	0.000	5.800
101.240	5800	8.717	0.000	1135942.0	1652.394	0.195	0.00142	5.500 Mbps	0.747	13.427	0.000	5.800
102.747	5800	9.210	0.000	761002.0	1507.000	0.241	0.00423	4.040 Mbps	-1.000	0.000	1.000	5.800
102.976	375	8.981	0.000	71062.0	229.059	0.375	0.10294	2.482 Mbps	0.622	11.663	0.000	-5.050
105.977	5800	7.980	0.000	1341515.0	3000.848	0.206	0.00143	3.576 Mbps	0.625	13.703	0.000	0.375
109.386	5800	6.570	0.000	1527061.0	3409.662	0.212	0.00189	3.583 Mbps	0.991	46.438	0.000	5.800
113.028	5800	4.928	0.000	1618765.0	3641.878	0.186	0.00098	3.556 Mbps	0.992	46.885	0.000	5.800
115.671	4300	4.286	0.000	1175261.0	2642.584	0.204	0.00231	3.558 Mbps	0.700	13.485	0.000	2.800
118.013	4300	3.944	0.000	1037435.0	2342.063	0.144	0.00098	3.544 Mbps	0.990	46.095	0.000	4.300
120.435	4300	3.522	0.000	1035586.0	2422.262	0.176	0.00191	3.420 Mbps	0.909	21.653	0.000	4.300
122.747	3000	3.210	0.000	970403.0	2311.671	0.211	0.00093	3.358 Mbps	0.671	13.804	0.000	1.700
124.763	3000	3.193	0.000	847039.0	2016.745	0.216	0.00091	3.360 Mbps	0.954	40.046	0.000	3.000
126.730	3000	3.227	0.000	838750.0	1966.343	0.195	0.00048	3.412 Mbps	0.961	38.536	0.000	3.000
128.162	3000	3.795	0.000	683962.0	1432.000	0.204	0.00050	3.821 Mbps	0.974	42.047	0.000	3.000
130.118	4300	3.839	0.000	1232752.0	1955.866	0.180	0.00000	5.042 Mbps	0.908	29.432	0.000	3.000
132.022	5800	3.935	0.000	1414228.0	1904.173	0.228	0.00293	5.942 Mbps	0.973	37.630	0.000	4.300
134.036	5800	3.921	0.000	1624402.0	2014.042	0.200	0.00193	6.452 Mbps	0.305	8.461	0.000	5.800
135.771	5800	4.185	0.000	1586444.0	1735.387	0.168	0.00146	7.313 Mbps	0.973	38.895	0.000	5.800
137.470	5800	4.486	0.000	1507639.0	1699.000	0.185	0.00141	7.099 Mbps	0.977	40.645	0.000	5.800
139.073	5800	4.883	0.000	1511193.0	1603.000	0.215	0.00240	7.542 Mbps	0.400	12.868	0.000	5.800
140.725	5800	5.231	0.000	1696662.0	1652.000	0.206	0.00136	8.216 Mbps	0.976	38.592	0.000	5.800
142.321	5800	5.635	0.000	1656262.0	1596.000	0.156	0.00186	8.302 Mbps	0.973	38.001	0.000	5.800
143.921	5800	6.035	0.000	1660557.0	1600.000	0.212	0.00000	8.303 Mbps	0.971	37.667	0.000	5.800
145.519	5800	6.437	0.000	1321595.0	1598.000	0.229	0.00050	6.616 Mbps	0.965	35.034	0.000	5.800
147.105	5800	6.851	0.000	1429041.0	1586.000	0.224	0.00374	7.208 Mbps	0.980	40.048	0.000	5.800
148.762	5800	7.194	0.000	1725671.0	1657.000	0.196	0.00219	8.332 Mbps	0.969	42.610	0.000	5.800
150.237	5800	7.719	0.000	1361129.0	1475.000	0.168	0.00000	7.382 Mbps	0.981	40.508	0.000	5.800
151.805	5800	8.151	0.000	1470555.0	1568.000	0.194	0.00178	7.503 Mbps	0.994	49.216	0.000	5.800
153.629	5800	8.327	0.000	1707106.0	1823.805	0.175	0.00146	7.488 Mbps	0.673	14.124	0.000	5.800
155.473	5800	8.483	0.000	1521547.0	1844.067	0.193	0.00185	6.601 Mbps	0.610	10.405	0.000	5.800
157.641	5800	8.315	0.000	1813174.0	2168.145	0.253	0.00143	6.690 Mbps	0.979	41.675	0.000	5.800
159.912	5800	8.044	0.000	1624071.0	2271.027	0.216	0.00144	5.721 Mbps	0.980	42.506	0.000	5.800
162.297	5800	7.659	0.000	1846028.0	2385.042	0.179	0.00190	6.192 Mbps	0.984	43.654	0.000	5.800
164.412	5800	7.544	0.000	1352433.0	2114.879	0.224	0.00094	5.116 Mbps	0.983	42.184	0.000	5.800
166.473	5800	7.483	0.000	1372156.0	2061.106	0.225	0.00184	5.326 Mbps	0.990	46.743	0.000	5.800
169.493	5800	6.464	0.000	1713934.0	3019.265	0.181	0.00188	4.541 Mbps	0.693	13.736	0.000	5.800
173.336	5800	4.621	0.000	1719241.0	3842.958	0.233	0.00338	3.579 Mbps	0.880	21.032	0.000	5.800
175.681	4300	4.276	0.000	1038792.0	2345.021	0.203	0.00103	3.544 Mbps	0.886	19.326	0.000	2.800
178.090	4300	3.866	0.000	1068507.0	2409.813	0.192	0.00000	3.547 Mbps	0.984	45.880	0.000	4.300
180.081	3000	3.875	0.000	876289.0	1990.694	0.197	0.00000	3.522 Mbps	0.877	26.995	0.000	1.700
182.208	3000	3.748	0.000	938913.0	2127.241	0.149	0.00150	3.531 Mbps	0.840	25.613	0.000	3.000
184.433	3000	3.523	0.000	983771.0	2225.052	0.204	0.00000	3.537 Mbps	0.938	32.875	0.000	3.000
186.160	3000	3.797	0.000	755059.0	1726.359	0.199	0.00146	3.499 Mbps	0.560	14.504	0.000	3.000
188.089	3000	3.868	0.000	847926.0	1928.850	0.184	0.00103	3.517 Mbps	0.419	10.309	0.000	3.000
189.824	3000	4.133	0.000	759141.0	1735.260	0.214	0.00137	3.500 Mbps	0.971	39.748	0.000	3.000
192.683	4300	3.274	0.000	1274531.0	2859.036	0.182	0.00045	3.566 Mbps	0.778	16.008	0.000	3.000
194.605	3000	3.352	0.000	849525.0	1922.125	0.197	0.00000	3.536 Mbps	0.970	38.554	0.000	1.700
196.233	3000	3.724	0.000	730514.0	1627.605	0.224	0.00307	3.591 Mbps	0.979	38.689	0.000	3.000
197.690	3000	4.267	0.000	706129.0	1457.000	0.198	0.00098	3.877 Mbps	0.974	38.155	0.000	3.000

