0.822	1050	2.000	0.822	301399.0	821.881	0.162	0.00304	2.934 Mbps	0.884	30.719	0.000	-7.415
2.034	1750	2.788	0.000	516104.0	1212.379	0.200	0.00273	3.406 Mbps	0.909	31.798	0.000	1.050
3.168	1750	3.654	0.000	486227.0	1133.612	0.525	0.02085	3.431 Mbps	-1.000	0.000	1.000	1.750
3.465	375	3.357	0.000	109065.0	297.327	0.545	0.02382	2.935 Mbps	-1.000	0.000	0.000	-1.000
5.182	3000	3.640	0.000	871216.0	1716.459	0.536	0.01357	4.061 Mbps	0.457	11.795	0.000	0.375
6.609	3000	4.213	0.000	788170.0	1427.019	0.640	0.05080	4.419 Mbps	0.941	34.444	0.000	3.000
8.084	3000	4.737	0.000	757450.0	1475.740	0.202	0.00737	4.106 Mbps	0.917	32.754	0.000	3.000
9.854	4300	4.968	0.000	1132110.0	1769.480	0.581	0.00811	5.118 Mbps	0.962	38.371	0.000	3.000
11.877	5800	4.945	0.000	1495913.0	2022.911	0.565	0.06779	5.916 Mbps	-1.000	0.000	1.000	4.300
12.169	375	4.653	0.000	104529.0	292.000	0.778	0.00138	2.864 Mbps	-1.000	0.000	0.000	-5.050
14.696	5800	4.126	0.000	1737905.0	2526.935	0.316	0.00481	5.502 Mbps	0.606	10.835	0.000	0.375
17.013	5800	3.809	0.000	1444726.0	2317.135	0.424	0.00969	4.988 Mbps	0.971	39.945	0.000	5.800
19.544	5800	3.278	0.000	1460782.0	2531.219	0.676	0.06118	4.617 Mbps	-1.000	0.000	1.000	5.800
19.821	375	3.000	0.000	104044.0	277.382	0.523	0.00000	3.001 Mbps	0.923	29.181	0.000	-5.050
21.544	3000	3.278	0.000	879925.0	1722.501	0.279	0.00351	4.087 Mbps	0.663	8.511	0.000	0.375
23.242	3000	3.580	0.000	758335.0	1697.541	0.647	0.00102	3.574 Mbps	0.939	32.187	0.000	3.000
25.119	4300	3.703	0.000	1178712.0	1877.641	0.408	0.00710	5.022 Mbps	0.965	34.528	0.000	3.000
26.898	5800	3.924	0.000	1318941.0	1779.000	0.391	0.07988	5.931 Mbps	0.983	38.740	0.000	4.300
29.245	5800	3.577	0.000	1720225.0	2347.042	0.524	0.00527	5.863 Mbps	-1.000	0.000	1.000	5.800
29.461	375	3.361	0.000	123257.0	216.000	0.353	0.00000	4.565 Mbps	0.898	34.059	0.000	-5.050
31.277	5800	3.545	0.000	1401455.0	1816.000	0.501	0.00678	6.174 Mbps	0.976	42.004	0.000	0.375
32.934	5800	3.888	0.000	1415850.0	1657.000	0.403	0.01155	6.836 Mbps	0.968	33.838	0.000	5.800
34.958	5800	3.864	0.000	1651825.0	2023.709	0.494	0.04880	6.530 Mbps	0.618	14.217	0.000	5.800
37.242	5800	3.580	0.000	1553617.0	2283.838	0.374	0.00134	5.442 Mbps	0.984	43.815	0.000	5.800
39.527	5800	3.295	0.000	1549791.0	2284.806	0.406	0.01562	5.426 Mbps	-1.000	0.000	1.000	5.800
39.811	375	3.011	0.000	100735.0	284.815	0.139	0.04603	2.829 Mbps	-1.000	0.000	0.000	-5.050
41.507	3000	3.315	0.000	781364.0	1695.490	0.354	0.00762	3.687 Mbps	0.837	18.106	0.000	0.375
43.947	4300	2.875	0.000	1082639.0	2439.932	0.521	0.02299	3.550 Mbps	-1.000	0.000	1.000	3.000
44.245	375	2.577	0.000	100248.0	298.585	0.652	0.00000	2.686 Mbps	0.932	35.251	0.000	-3.550
44.927	1050	3.894	0.000	276139.0	682.104	0.485	0.02855	3.239 Mbps	-1.000	0.000	1.000	0.375
45.235	375	3.587	0.000	100121.0	307.613	0.083	0.00000	2.604 Mbps	0.923	33.238	0.000	-0.300
47.233	3000	3.589	0.000	862347.0	1997.446	0.560	0.00091	3.454 Mbps	0.988	46.158	0.000	0.375
49.055	3000	3.767	0.000	797470.0	1822.385	0.548	0.01543	3.501 Mbps	0.963	37.683	0.000	3.000
51.084	3000	3.738	0.000	860432.0	2028.695	0.557	0.01670	3.393 Mbps	0.929	27.771	0.000	3.000
53.726	4300	3.096	0.000	1160358.0	2642.615	0.603	0.02635	3.513 Mbps	-1.000	0.000	1.000	3.000
54.033	375	2.789	0.000	103499.0	306.325	0.380	0.00000	2.703 Mbps	0.934	33.855	0.000	-3.550
55.235	1750	3.587	0.000	546721.0	1201.996	0.318	0.00378	3.639 Mbps	-1.000	0.000	1.000	0.375
55.566	375	3.256	0.000	117953.0	330.975	0.465	0.00009	2.851 Mbps	-1.000	0.000	0.000	-1.000
57.371	4300	3.451	0.000	786688.0	1804.976	0.510	0.02379	3.487 Mbps	-1.000	0.000	1.000	0.375
57.570	375	3.252	0.000	70786.0	199.000	0.370	0.00000	2.846 Mbps	0.890	30.305	0.000	-3.550
58.407	1750	4.415	0.000	456000.0	837.190	0.110	0.00000	4.357 Mbps	0.950	36.398	0.000	0.375
60.218	4300	4.604	0.000	1040422.0	1810.956	0.411	0.02328	4.596 Mbps	0.974	40.293	0.000	1.750
62.701	5800	4.121	0.000	1452782.0	2483.320	0.494	0.01065	4.680 Mbps	0.992	46.263	0.000	4.300
65.768	5800	3.054	0.000	1747460.0	3066.754	0.180	0.00754	4.558 Mbps	0.985	44.003	0.000	5.800
68.032	5800	2.790	0.000	1552646.0	2264.444	0.428	0.00796	5.485 Mbps	-1.000	0.000	1.000	5.800
68.245	375	2.577	0.000	104181.0	213.105	0.352	0.00000	3.911 Mbps	0.867	30.363	0.000	-5.050
69.814	4300	3.007	0.000	1111651.0	1569.111	0.375	0.00436	5.668 Mbps	-1.000	0.000	1.000	0.375
70.058	375	2.764	0.000	101140.0	243.968	0.629	0.00000	3.316 Mbps	0.559	23.090	0.000	-3.550
72.223	5800	2.599	0.000	1563987.0	2164.780	0.524	0.00854	5.780 Mbps	-1.000	0.000	1.000	0.375
72.444	375	2.378	0.000	103641.0	221.000	0.348	0.02974	3.752 Mbps	-1.000	0.000	0.000	-5.050
74.546	5800	2.276	0.000	1695101.0	2101.819	0.536	0.01732	6.452 Mbps	-1.000	0.000	1.000	0.375
74.786	375	2.036	0.000	107012.0	240.000	0.444	0.00000	3.567 Mbps	0.663	25.442	0.000	-5.050
76.704	5800	2.117	0.000	1663740.0	1918.500	0.303	0.00575	6.938 Mbps	0.918	33.606	0.000	0.375
78.123	5800	2.699	0.000	1227176.0	1418.357	0.265	0.00689	6.922 Mbps	0.374	11.040	0.000	5.800
80.122	5800	2.700	0.000	1698056.0	1998.841	0.377	0.00777	6.796 Mbps	0.958	39.106	0.000	5.800
82.430	5800	2.392	0.000	1636097.0	2308.000	0.620	0.05129	5.671 Mbps	-1.000	0.000	1.000	5.800
82.681	375	2.141	0.000	105019.0	251.000	0.234	0.02526	3.347 Mbps	-1.000	0.000	0.000	-5.050
84.453	5800	2.369	0.000	1520273.0	1772.000	0.423	0.01553	6.864 Mbps	0.958	36.269	0.000	0.375
86.638	5800	2.184	0.000	1488333.0	2185.000	0.400	0.01036	5.449 Mbps	0.918	30.585	0.000	5.800
88.477	5800	2.345	0.000	1567569.0	1839.000	0.385	0.01007	6.819 Mbps	0.910	29.449	0.000	5.800
90.209	5800	2.613	0.000	1381102.0	1732.000	0.366	0.00948	6.379 Mbps	-1.000	0.000	1.000	5.800
90.492	375	2.330	0.000	122891.0	283.000	0.670	0.02186	3.474 Mbps	0.747	25.935	0.000	-5.050
92.161	5800	2.661	0.000	1668337.0	1669.000	0.193	0.00379	7.997 Mbps	0.493	11.685	0.000	0.375
93.903	5800	2.919	0.000	1613698.0	1742.000	0.302	0.00665	7.411 Mbps	-1.000	0.000	1.000	5.800
94.179	375	2.643	0.000	130446.0	276.000	0.500	0.00000	3.781 Mbps	0.742	25.892	0.000	-5.050
96.059	5800	2.763	0.000	1677909.0	1880.000	0.361	0.00754	7.140 Mbps	0.482	11.165	0.000	0.375
97.547	5800	3.275	0.000	1269746.0	1488.000	0.314	0.02650	6.827 Mbps	0.448	10.597	0.000	5.800
98.813	5800	4.009	0.000	1150360.0	1266.560	0.236	0.01607	7.266 Mbps	-1.000	0.000	1.000	5.800
99.077	375	3.745	0.000	109558.0	264.000	0.473	0.05557	3.320 Mbps	0.708	15.498	0.000	-5.050
100.715	5800	4.106	0.000	1260920.0	1638.174	0.373	0.01562	6.158 Mbps	0.831	15.745	0.000	0.375
102.577	5800	4.245	0.000	1273130.0	1861.358	0.390	0.01041	5.472 Mbps	0.761	12.966	0.000	5.800
104.630	5800	4.192	0.000	1135942.0	2052.829	0.325	0.00315	4.427 Mbps	0.998	47.964	0.000	5.800
106.422	5800	4.400	0.000	761002.0	1792.340	0.372	0.00612	3.397 Mbps	0.999	55.204	0.000	5.800
108.714	4300	4.108	0.000	1014684.0	2292.455	0.287	0.01240	3.541 Mbps	0.985	43.390	0.000	2.800
111.300	4300	3.522	0.000	1149216.0	2585.794	0.416	0.01340	3.555 Mbps	0.988	44.796	0.000	4.300
113.990	4300	2.832	0.000	1182031.0	2689.607	0.363	0.00284	3.516 Mbps	0.989	45.365	0.000	4.300
116.632	4300	2.190	0.000	1175261.0	2642.584	0.471	0.01015	3.558 Mbps	0.991	46.155	0.000	4.300
118.974	4300	2.000	0.153	1037435.0	2342.063	0.596	0.00758	3.544 Mbps	0.990	46.095	0.000	2.729
120.664	3000	2.310	0.000	705121.0	1689.775	0.423	0.00908	3.338 Mbps	-1.000	0.000	1.000	1.700
120.952	375	2.022	0.000	95518.0	288.271	0.093	0.01229	2.651 Mbps	-1.000	0.000	0.000	-2.250
121.847	1050	3.127	0.000	353710.0	894.860	0.551	0.04915	3.162 Mbps	0.952	37.019	0.000	0.375
123.125	1750	3.850	0.000	477415.0	1277.320	0.286	0.01838	2.990 Mbps	0.832	20.886	0.000	1.050
125.188	3000	3.787	0.000	838750.0	2062.864	0.263	0.00000	3.253 Mbps	0.961	38.536	0.000	1.750
126.656	3000	4.318	0.000	683962.0	1468.763	0.370	0.00039	3.725 Mbps	0.655	12.423	0.000	3.000
128.449	3000	4.525	0.000	883799.0	1792.887	0.619	0.02269	3.944 Mbps	0.853	26.121	0.000	3.000
129.716	3000	5.259	0.000	734871.0	1266.759	0.532	0.00000	4.641 Mbps	0.941	33.199	0.000	3.000
132.217	5800	4.757	0.000	1624402.0	2501.108	0.489	0.00664	5.196 Mbps	0.306	8.361	0.000	3.000
134.252	5800	4.723	0.000	1586444.0	2034.861	0.425	0.01987	6.237 Mbps	0.385	10.862	0.000	5.800
135.994	5800	4.981	0.000	1507639.0	1742.000	0.432	0.00785	6.924 Mbps	0.977	40.645	0.000	5.800
137.848	5800	5.127	0.000	1511193.0	1854.000	0.364	0.00548	6.521 Mbps	0.972	37.700	0.000	5.800
139.605	5800	5.370	0.000	1696662.0	1757.000	0.347	0.00943	7.725 Mbps	0.470	13.799	0.000	5.800
141.896	5800	5.079	0.000	1656262.0	2291.000	0.520	0.00504	5.784 Mbps	0.416	12.180	0.000	5.800
143.835	5800	5.140	0.000	1660557.0	1939.000	0.138	0.00292	6.851 Mbps	0.888	23.837	0.000	5.800
145.135	5800	5.840	0.000	1321595.0	1300.000	0.153	0.00064	8.133 Mbps	0.386	12.336	0.000	5.800
146.894	5800	6.081	0.000	1429041.0	1759.000	0.469	0.00577	6.499 Mbps	0.550	13.247	0.000	5.800
148.736	5800	6.239	0.000	1725671.0	1842.000	0.297	0.00369	7.495 Mbps	0.701	11.845	0.000	5.800
150.141	5800	6.834	0.000	1361129.0	1405.000	0.256	0.00368	7.750 Mbps	0.599	14.109	0.000	5.800
151.504	5800	7.471	0.000	1470555.0	1363.000	0.178	0.00286	8.631 Mbps	0.994	49.216	0.000	5.800
153.679	5800	7.296	0.000	1707106.0	2175.000	0.504	0.01253	6.279 Mbps	0.444	8.869	0.000	5.800
155.689	5800	7.286	0.000	1521547.0	2010.000	0.450	0.02015	6.056 Mbps	-1.000	0.000	1.000	5.800
155.954	375	7.021	0.000	110419.0	265.000	0.659	0.01074	3.333 Mbps	-1.000	0.000	0.000	-5.050
158.236	5800	6.739	0.000	1813174.0	2282.000	0.507	0.01313	6.356 Mbps	0.544	12.144	0.000	0.375
160.526	5800	6.448	0.000	1624071.0	2290.193	0.410	0.01932	5.673 Mbps	-1.000	0.000	1.000	5.800
160.764	375	6.210	0.000	113972.0	238.000	0.418	0.00798	3.831 Mbps	0.838	27.433	0.000	-5.050
163.275	5800	5.699	0.000	1846028.0	2511.265	0.232	0.00549	5.881 Mbps	0.984	43.654	0.000	0.375
165.061	5800	5.914	0.000	1352433.0	1785.365	0.340	0.00424	6.060 Mbps	0.486	8.860	0.000	5.800
167.102	5800	5.872	0.000	1372156.0	2041.772	0.315	0.00942	5.376 Mbps	0.990	46.743	0.000	5.800
169.908	5800	5.066	0.000	1713934.0	2805.750	0.522	0.02946	4.887 Mbps	-1.000	0.000	1.000	5.800
170.248	375	4.727	0.000	120683.0	339.316	0.321	0.00000	2.845 Mbps	0.911	32.607	0.000	-5.050
172.925	4300	4.049	0.000	1270175.0	2677.379	0.496	0.01427	3.795 Mbps	-1.000	0.000	1.000	0.375
173.255	375	3.720	0.000	114473.0	329.601	0.733	0.08651	2.778 Mbps	-1.000	0.000	0.000	-3.550
174.912	3000	4.063	0.000	723333.0	1657.183	0.088	0.00147	3.492 Mbps	0.736	14.223	0.000	0.375
177.322	4300	3.653	0.000	1068507.0	2409.813	0.441	0.00914	3.547 Mbps	0.984	45.880	0.000	3.000
180.010	4300	2.964	0.000	1196322.0	2688.506	0.437	0.00708	3.560 Mbps	0.376	10.753	0.000	4.300
182.978	4300	2.000	0.004	1324657.0	2968.332	0.360	0.01296	3.570 Mbps	0.921	29.716	0.000	4.259
185.203	3000	2.000	0.225	983771.0	2225.052	0.503	0.01046	3.537 Mbps	0.661	13.515	0.000	-0.618
186.930	3000	2.274	0.000	755059.0	1726.359	0.173	0.00430	3.499 Mbps	0.904	28.486	0.000	3.000
188.859	3000	2.345	0.000	847926.0	1928.850	0.401	0.01497	3.517 Mbps	-1.000	0.000	1.000	3.000
189.182	375	2.021	0.000	111601.0	323.339	0.727	0.00300	2.761 Mbps	0.812	30.198	0.000	-2.250
190.237	1750	2.966	0.000	447251.0	1055.203	0.426	0.01301	3.391 Mbps	0.963	37.809	0.000	0.375
191.532	1750	3.671	0.000	557359.0	1295.287	0.409	0.01523	3.442 Mbps	-1.000	0.000	1.000	1.750
191.878	375	3.326	0.000	121610.0	345.163	0.401	0.03037	2.819 Mbps	0.900	31.572	0.000	-1.000
194.728	4300	2.476	0.000	1270342.0	2849.902	0.553	0.00241	3.566 Mbps	-1.000	0.000	1.000	0.375
195.051	375	2.152	0.000	111771.0	323.710	0.829	0.03023	2.762 Mbps	-1.000	0.000	0.000	-3.550
196.714	3000	2.490	0.000	730514.0	1662.629	0.454	0.00656	3.515 Mbps	0.979	38.689	0.000	0.375
198.998	4300	2.206	0.000	1035382.0	2283.697	0.448	0.00098	3.627 Mbps	0.984	42.975	0.000	3.000

