1.067	1050	2.000	1.067	301399.0	1067.000	0.195	0.00417	2.260 Mbps	-1.000	0.000	1.000	-9.940
1.386	375	2.000	0.319	108654.0	319.308	0.163	0.00000	2.722 Mbps	0.770	26.596	0.000	-3.589
1.925	375	3.461	0.000	114560.0	539.000	0.179	0.00608	1.700 Mbps	0.672	18.191	0.000	0.375
2.432	375	4.954	0.000	109065.0	507.000	0.145	0.00450	1.721 Mbps	0.501	12.841	0.000	0.375
2.966	375	6.420	0.000	114069.0	534.000	0.189	0.00446	1.709 Mbps	0.711	20.349	0.000	0.375
3.459	375	7.927	0.000	102554.0	493.000	0.174	0.00676	1.664 Mbps	0.513	13.580	0.000	0.375
4.478	1050	8.908	0.000	273405.0	1019.000	0.141	0.00324	2.146 Mbps	0.847	29.420	0.000	0.375
5.544	1050	9.842	0.000	291257.0	1066.000	0.181	0.00490	2.186 Mbps	0.632	12.854	0.000	1.050
6.913	1750	10.473	0.000	466402.0	1369.000	0.227	0.00361	2.726 Mbps	0.931	34.572	0.000	1.050
8.343	1750	11.043	0.000	522426.0	1430.000	0.227	0.00273	2.923 Mbps	0.780	13.307	0.000	1.750
9.839	3000	11.547	0.000	742539.0	1496.000	0.242	0.00113	3.971 Mbps	0.561	11.185	0.000	1.750
11.347	3000	12.039	0.000	795617.0	1508.000	0.249	0.00095	4.221 Mbps	0.866	18.936	0.000	3.000
12.707	3000	12.679	0.000	879925.0	1360.000	0.142	0.00098	5.176 Mbps	0.945	32.271	0.000	3.000
14.158	3000	13.228	0.000	758335.0	1451.000	0.177	0.00104	4.181 Mbps	0.939	32.187	0.000	3.000
16.081	4300	13.305	0.000	1178712.0	1922.953	0.219	0.00093	4.904 Mbps	0.729	12.398	0.000	3.000
17.532	4300	13.854	0.000	962332.0	1451.000	0.174	0.00096	5.306 Mbps	0.975	36.676	0.000	4.300
19.656	4300	13.730	0.000	1265449.0	2123.859	0.196	0.00137	4.767 Mbps	0.679	15.178	0.000	4.300
21.725	4300	13.661	0.000	1042127.0	2068.761	0.198	0.00250	4.030 Mbps	0.968	40.483	0.000	4.300
23.840	4300	13.547	0.000	1041432.0	2114.777	0.190	0.00053	3.940 Mbps	0.973	42.333	0.000	4.300
25.724	4300	13.663	0.000	1206114.0	1884.137	0.197	0.00094	5.121 Mbps	0.831	21.089	0.000	4.300
27.366	4300	14.021	0.000	1221449.0	1641.808	0.167	0.00137	5.952 Mbps	0.586	19.028	0.000	4.300
28.850	4300	14.537	0.000	1135787.0	1484.000	0.169	0.00093	6.123 Mbps	0.901	34.005	0.000	4.300
30.345	4300	15.042	0.000	1155212.0	1495.000	0.194	0.00095	6.182 Mbps	0.953	35.672	0.000	4.300
31.908	5800	15.479	0.000	1417020.0	1563.000	0.177	0.00101	7.253 Mbps	0.981	42.247	0.000	4.300
33.492	5800	15.895	0.000	1448503.0	1584.000	0.221	0.00094	7.316 Mbps	0.982	42.512	0.000	5.800
35.541	5800	15.846	0.000	1693054.0	2049.001	0.198	0.00232	6.610 Mbps	0.995	50.735	0.000	5.800
37.824	5800	15.562	0.000	1566935.0	2283.829	0.197	0.00247	5.489 Mbps	0.530	13.916	0.000	5.800
40.618	5800	14.769	0.000	1638624.0	2793.070	0.184	0.00140	4.693 Mbps	-1.000	0.000	1.000	5.800
40.981	375	14.406	0.000	112964.0	363.170	0.276	0.11733	2.488 Mbps	-1.000	0.000	0.000	-5.050
43.434	4300	13.953	0.000	1160358.0	2453.127	0.248	0.00189	3.784 Mbps	0.670	10.610	0.000	0.375
46.328	4300	13.058	0.000	1307221.0	2894.221	0.186	0.00141	3.613 Mbps	0.974	41.920	0.000	4.300
48.073	4300	13.313	0.000	786688.0	1744.840	0.168	0.00110	3.607 Mbps	0.720	11.891	0.000	4.300
50.768	4300	12.619	0.000	1186224.0	2694.813	0.218	0.00044	3.522 Mbps	0.973	40.294	0.000	4.300
52.426	3000	12.961	0.000	735345.0	1658.024	0.201	0.00000	3.548 Mbps	0.963	38.375	0.000	1.700
54.319	3000	13.067	0.000	783613.0	1893.707	0.196	0.00201	3.310 Mbps	0.911	23.410	0.000	3.000
57.127	4300	12.260	0.000	1289005.0	2807.167	0.215	0.00142	3.673 Mbps	0.980	42.615	0.000	3.000
58.686	3000	12.701	0.000	836332.0	1559.021	0.215	0.00238	4.292 Mbps	0.659	13.636	0.000	1.700
60.091	3000	13.296	0.000	777438.0	1405.000	0.173	0.00050	4.427 Mbps	0.834	28.658	0.000	3.000
62.039	4300	13.347	0.000	1153282.0	1948.848	0.178	0.00050	4.734 Mbps	0.875	30.818	0.000	3.000
64.185	4300	13.201	0.000	1253407.0	2145.626	0.223	0.00226	4.673 Mbps	0.411	12.037	0.000	4.300
66.230	4300	13.156	0.000	1242112.0	2044.938	0.175	0.00043	4.859 Mbps	0.882	31.868	0.000	4.300
67.746	4300	13.640	0.000	917996.0	1516.000	0.218	0.00046	4.844 Mbps	0.908	34.019	0.000	4.300
69.403	4300	13.983	0.000	1245214.0	1657.216	0.204	0.00045	6.011 Mbps	0.941	37.246	0.000	4.300
71.254	4300	14.132	0.000	1223294.0	1851.184	0.183	0.00183	5.287 Mbps	0.922	33.346	0.000	4.300
72.822	4300	14.564	0.000	1125330.0	1568.000	0.213	0.00099	5.741 Mbps	0.938	34.335	0.000	4.300
74.381	4300	15.005	0.000	1095428.0	1559.000	0.206	0.00264	5.621 Mbps	0.880	28.478	0.000	4.300
76.200	5800	15.186	0.000	1567569.0	1818.749	0.202	0.00190	6.895 Mbps	0.910	29.449	0.000	4.300
77.794	5800	15.592	0.000	1381102.0	1594.076	0.206	0.00238	6.931 Mbps	0.977	39.181	0.000	5.800
79.749	5800	15.637	0.000	1668337.0	1954.590	0.214	0.00135	6.828 Mbps	0.470	10.951	0.000	5.800
81.607	5800	15.779	0.000	1613698.0	1858.147	0.231	0.00282	6.948 Mbps	0.419	10.259	0.000	5.800
83.440	5800	15.946	0.000	1677909.0	1833.379	0.226	0.00096	7.322 Mbps	0.535	12.990	0.000	5.800
84.920	5800	16.466	0.000	1269746.0	1480.000	0.178	0.00000	6.863 Mbps	0.983	41.297	0.000	5.800
86.428	5800	16.958	0.000	1150360.0	1508.000	0.196	0.00093	6.103 Mbps	0.598	11.673	0.000	5.800
87.958	5800	17.428	0.000	1260920.0	1530.000	0.188	0.00127	6.593 Mbps	0.964	22.827	0.000	5.800
89.498	5800	17.888	0.000	1273130.0	1540.000	0.185	0.00051	6.614 Mbps	0.998	48.983	0.000	5.800
91.046	5800	18.340	0.000	1135942.0	1548.000	0.217	0.00000	5.871 Mbps	0.998	47.964	0.000	5.800
92.516	5800	18.870	0.000	761002.0	1470.000	0.221	0.00095	4.142 Mbps	0.999	55.204	0.000	5.800
94.096	5800	19.290	0.000	1341515.0	1580.000	0.189	0.00142	6.792 Mbps	0.989	44.877	0.000	5.800
95.666	5800	19.720	0.000	1527061.0	1570.000	0.182	0.00096	7.781 Mbps	0.991	46.438	0.000	5.800
97.271	5800	20.115	0.000	1618765.0	1605.000	0.201	0.00191	8.069 Mbps	0.992	46.885	0.000	5.800
98.974	5800	20.412	0.000	1562534.0	1702.766	0.227	0.00333	7.341 Mbps	0.572	12.493	0.000	5.800
100.837	5800	20.549	0.000	1382285.0	1863.071	0.183	0.00142	5.936 Mbps	0.993	47.665	0.000	5.800
103.118	5800	20.269	0.000	1463120.0	2280.353	0.194	0.00000	5.133 Mbps	0.978	42.438	0.000	5.800
106.813	5800	18.573	0.000	1655357.0	3695.689	0.189	0.00240	3.583 Mbps	0.987	45.536	0.000	5.800
110.666	5800	16.720	0.000	1730455.0	3853.150	0.222	0.00182	3.593 Mbps	0.692	15.719	0.000	5.800
114.234	5800	15.152	0.000	1584844.0	3567.915	0.191	0.00049	3.554 Mbps	0.985	43.565	0.000	5.800
117.250	5800	14.137	0.000	1346286.0	3015.493	0.200	0.00051	3.572 Mbps	0.985	45.283	0.000	5.800
120.090	4300	13.297	0.000	1232752.0	2839.723	0.227	0.00092	3.473 Mbps	0.908	29.432	0.000	2.800
122.514	4300	12.872	0.000	1050968.0	2424.525	0.198	0.00000	3.468 Mbps	0.961	35.788	0.000	4.300
124.460	3000	12.926	0.000	827351.0	1946.024	0.188	0.00000	3.401 Mbps	0.942	32.977	0.000	1.700
126.159	3000	13.228	0.000	815695.0	1698.607	0.159	0.00043	3.842 Mbps	0.951	35.295	0.000	3.000
128.169	4300	13.218	0.000	1128999.0	2009.875	0.209	0.00195	4.494 Mbps	0.385	10.420	0.000	3.000
129.964	4300	13.423	0.000	1141084.0	1794.969	0.215	0.00189	5.086 Mbps	0.957	35.618	0.000	4.300
131.706	4300	13.681	0.000	1259456.0	1741.993	0.210	0.00129	5.784 Mbps	0.962	36.292	0.000	4.300
133.314	4300	14.073	0.000	1259182.0	1608.252	0.200	0.00141	6.264 Mbps	0.960	36.019	0.000	4.300
134.903	4300	14.484	0.000	1251521.0	1589.000	0.201	0.00231	6.301 Mbps	0.620	15.451	0.000	4.300
136.387	4300	15.000	0.000	980361.0	1484.000	0.190	0.00222	5.285 Mbps	0.383	12.728	0.000	4.300
137.873	4300	15.514	0.000	1047778.0	1486.000	0.211	0.00192	5.641 Mbps	0.640	15.044	0.000	4.300
139.497	5800	15.889	0.000	1725671.0	1624.728	0.192	0.00232	8.497 Mbps	0.969	42.610	0.000	4.300
140.988	5800	16.398	0.000	1361129.0	1491.000	0.172	0.00090	7.303 Mbps	0.520	13.403	0.000	5.800
142.616	5800	16.770	0.000	1470555.0	1628.000	0.229	0.00245	7.226 Mbps	-1.000	0.000	1.000	5.800
142.796	375	16.590	0.000	100734.0	180.000	0.250	0.08405	4.477 Mbps	0.934	35.172	0.000	-5.050
144.403	5800	16.983	0.000	1707106.0	1607.000	0.219	0.00184	8.498 Mbps	0.678	14.244	0.000	0.375
145.987	5800	17.399	0.000	1521547.0	1584.000	0.212	0.00235	7.685 Mbps	0.987	44.221	0.000	5.800
147.647	5800	17.739	0.000	1813174.0	1660.000	0.207	0.00145	8.738 Mbps	0.671	13.113	0.000	5.800
149.238	5800	18.148	0.000	1624071.0	1591.000	0.181	0.00000	8.166 Mbps	0.980	42.506	0.000	5.800
150.855	5800	18.531	0.000	1846028.0	1616.597	0.172	0.00095	9.135 Mbps	0.984	43.654	0.000	5.800
152.346	5800	19.040	0.000	1352433.0	1491.000	0.160	0.00051	7.257 Mbps	0.983	42.184	0.000	5.800
153.887	5800	19.499	0.000	1372156.0	1541.000	0.219	0.00197	7.123 Mbps	0.990	46.743	0.000	5.800
155.915	5800	19.471	0.000	1713934.0	2028.034	0.211	0.00044	6.761 Mbps	0.986	45.814	0.000	5.800
157.958	5800	19.428	0.000	1719241.0	2043.122	0.192	0.00158	6.732 Mbps	0.651	13.152	0.000	5.800
159.947	5800	19.439	0.000	1423400.0	1988.978	0.213	0.00140	5.725 Mbps	0.988	46.856	0.000	5.800
161.865	5800	19.522	0.000	1420102.0	1917.450	0.198	0.00138	5.925 Mbps	0.989	47.624	0.000	5.800
164.049	5800	19.337	0.000	1606277.0	2184.188	0.235	0.00248	5.883 Mbps	0.953	32.814	0.000	5.800
166.562	5800	18.824	0.000	1733100.0	2513.444	0.169	0.00050	5.516 Mbps	0.943	31.452	0.000	5.800
169.463	5800	17.923	0.000	1863467.0	2900.993	0.207	0.00096	5.139 Mbps	0.986	42.174	0.000	5.800
172.470	5800	16.916	0.000	1452790.0	3007.133	0.198	0.00141	3.865 Mbps	0.981	43.009	0.000	5.800
175.841	5800	15.546	0.000	1508981.0	3370.239	0.199	0.00050	3.582 Mbps	0.980	42.780	0.000	5.800
179.047	5800	14.339	0.000	1433891.0	3206.510	0.182	0.00000	3.577 Mbps	0.984	45.077	0.000	5.800
181.906	4300	13.480	0.000	1274531.0	2859.036	0.157	0.00048	3.566 Mbps	0.982	42.943	0.000	2.800
184.756	4300	12.630	0.000	1270342.0	2849.902	0.210	0.00197	3.566 Mbps	0.980	42.129	0.000	4.300
186.429	3000	12.957	0.000	730514.0	1672.840	0.230	0.00189	3.494 Mbps	0.979	38.689	0.000	1.700
188.049	3000	13.338	0.000	706129.0	1619.670	0.186	0.00219	3.488 Mbps	0.674	11.912	0.000	3.000

