1.957	3000	2.000	1.957	820609.0	1956.569	0.380	0.00656	3.355 Mbps	0.946	35.041	0.000	-17.153
2.286	375	3.670	0.000	114560.0	329.791	0.276	0.00000	2.779 Mbps	0.778	26.698	0.000	-2.250
2.596	375	5.361	0.000	109065.0	309.399	0.365	0.00000	2.820 Mbps	0.769	26.389	0.000	0.375
2.916	375	7.041	0.000	114069.0	319.924	0.257	0.00000	2.852 Mbps	0.787	27.060	0.000	0.375
3.546	1050	8.411	0.000	276027.0	630.021	0.427	0.01835	3.505 Mbps	-1.000	0.000	1.000	0.375
3.836	375	8.120	0.000	102554.0	290.724	0.282	0.08267	2.822 Mbps	0.778	26.624	0.000	-0.300
4.478	1050	9.478	0.000	273405.0	641.783	0.324	0.00037	3.408 Mbps	0.847	29.420	0.000	0.375
5.417	1750	10.539	0.000	471228.0	939.063	0.357	0.00926	4.014 Mbps	-1.000	0.000	1.000	1.050
5.675	375	10.281	0.000	106010.0	258.195	0.358	0.00000	3.285 Mbps	0.833	29.737	0.000	-1.000
6.539	1750	11.417	0.000	466402.0	863.987	0.253	0.00286	4.319 Mbps	0.931	34.572	0.000	0.375
8.323	3000	11.634	0.000	896417.0	1783.466	0.346	0.00000	4.021 Mbps	0.961	38.436	0.000	1.750
9.658	3000	12.298	0.000	742539.0	1335.207	0.320	0.00434	4.449 Mbps	0.946	36.478	0.000	3.000
10.808	3000	13.149	0.000	795617.0	1149.472	0.254	0.02192	5.537 Mbps	-1.000	0.000	1.000	3.000
11.033	375	12.924	0.000	104044.0	225.395	0.446	0.00173	3.693 Mbps	-1.000	0.000	0.000	-2.250
12.337	3000	13.620	0.000	879925.0	1303.734	0.284	0.00333	5.399 Mbps	0.945	32.271	0.000	0.375
13.888	4300	14.068	0.000	1074521.0	1551.654	0.285	0.02410	5.540 Mbps	-1.000	0.000	1.000	3.000
14.122	375	13.834	0.000	97612.0	234.031	0.418	0.00000	3.337 Mbps	0.795	24.947	0.000	-3.550
16.008	4300	13.949	0.000	1178712.0	1885.108	0.297	0.01265	5.002 Mbps	0.965	34.528	0.000	0.375
17.580	4300	14.376	0.000	962332.0	1572.677	0.192	0.00220	4.895 Mbps	0.975	36.676	0.000	4.300
20.605	5800	13.352	0.000	1720225.0	3024.759	0.325	0.00176	4.550 Mbps	0.882	26.220	0.000	4.300
22.772	4300	13.184	0.000	1042127.0	2167.224	0.232	0.00000	3.847 Mbps	0.968	40.483	0.000	2.800
24.458	4300	13.499	0.000	1041432.0	1685.417	0.206	0.00526	4.943 Mbps	0.973	42.333	0.000	4.300
26.238	4300	13.719	0.000	1206114.0	1780.243	0.272	0.01042	5.420 Mbps	0.681	16.587	0.000	4.300
27.838	4300	14.118	0.000	1221449.0	1600.654	0.314	0.00380	6.105 Mbps	0.463	18.122	0.000	4.300
29.345	4300	14.611	0.000	1135787.0	1506.980	0.294	0.00517	6.029 Mbps	0.901	34.005	0.000	4.300
31.058	5800	14.899	0.000	1588614.0	1712.550	0.308	0.01361	7.421 Mbps	0.602	10.641	0.000	4.300
32.528	5800	15.429	0.000	1417020.0	1469.749	0.309	0.00000	7.713 Mbps	0.981	42.247	0.000	5.800
33.931	5800	16.026	0.000	1448503.0	1403.132	0.264	0.00495	8.259 Mbps	0.982	42.512	0.000	5.800
36.054	5800	15.903	0.000	1693054.0	2122.851	0.293	0.00437	6.380 Mbps	0.995	50.735	0.000	5.800
38.390	5800	15.567	0.000	1566935.0	2336.125	0.306	0.00413	5.366 Mbps	0.532	13.601	0.000	5.800
40.998	5800	14.959	0.000	1638624.0	2607.700	0.258	0.00196	5.027 Mbps	0.993	46.510	0.000	5.800
44.394	5800	13.563	0.000	1581328.0	3396.011	0.214	0.00693	3.725 Mbps	-1.000	0.000	1.000	5.800
44.699	375	13.257	0.000	103499.0	305.673	0.389	0.03460	2.709 Mbps	-1.000	0.000	0.000	-5.050
47.502	4300	12.455	0.000	1307221.0	2802.656	0.229	0.00202	3.731 Mbps	0.974	41.920	0.000	0.375
48.798	3000	13.159	0.000	557657.0	1295.936	0.228	0.00066	3.442 Mbps	-1.000	0.000	1.000	1.700
49.032	375	12.924	0.000	70786.0	234.344	0.356	0.11663	2.416 Mbps	0.890	30.305	0.000	-2.250
50.884	3000	13.073	0.000	791967.0	1851.393	0.225	0.00616	3.422 Mbps	0.962	38.271	0.000	0.375
53.207	4300	12.750	0.000	1040422.0	2323.226	0.324	0.00739	3.583 Mbps	0.974	40.293	0.000	3.000
55.046	3000	12.910	0.000	783613.0	1839.574	0.152	0.00465	3.408 Mbps	0.982	41.881	0.000	1.700
56.831	3000	13.125	0.000	847207.0	1784.960	0.424	0.01031	3.797 Mbps	-1.000	0.000	1.000	3.000
57.179	375	12.778	0.000	114767.0	347.240	0.415	0.03588	2.644 Mbps	0.928	34.200	0.000	-2.250
58.952	3000	13.005	0.000	836332.0	1772.994	0.379	0.01383	3.774 Mbps	-1.000	0.000	1.000	0.375
59.198	375	12.759	0.000	104181.0	246.142	0.429	0.00465	3.386 Mbps	-1.000	0.000	0.000	-2.250
60.541	3000	13.416	0.000	777438.0	1343.150	0.224	0.00000	4.631 Mbps	0.834	28.658	0.000	0.375
62.488	4300	13.469	0.000	1153282.0	1946.876	0.192	0.00588	4.739 Mbps	-1.000	0.000	1.000	3.000
62.726	375	13.230	0.000	103641.0	238.315	0.266	0.07948	3.479 Mbps	0.625	24.540	0.000	-3.550
64.970	4300	12.987	0.000	1253407.0	2243.869	0.267	0.00347	4.469 Mbps	0.448	12.259	0.000	0.375
66.345	3000	13.612	0.000	852988.0	1374.826	0.324	0.00004	4.963 Mbps	0.857	30.490	0.000	1.700
67.697	4300	14.260	0.000	917996.0	1352.138	0.281	0.00267	5.431 Mbps	-1.000	0.000	1.000	3.000
67.906	375	14.051	0.000	87452.0	209.131	0.391	0.20119	3.345 Mbps	-1.000	0.000	0.000	-3.550
69.682	4300	14.274	0.000	1245214.0	1776.350	0.220	0.00221	5.608 Mbps	0.941	37.246	0.000	0.375
71.462	4300	14.495	0.000	1223294.0	1779.449	0.337	0.02015	5.500 Mbps	-1.000	0.000	1.000	4.300
71.660	375	14.297	0.000	105019.0	198.075	0.410	0.00000	4.242 Mbps	0.786	27.461	0.000	-3.550
73.517	5800	14.439	0.000	1520273.0	1857.203	0.308	0.00000	6.549 Mbps	0.958	36.269	0.000	0.375
75.407	5800	14.550	0.000	1488333.0	1889.447	0.296	0.00543	6.302 Mbps	0.918	30.585	0.000	5.800
77.199	5800	14.758	0.000	1567569.0	1792.342	0.304	0.01409	6.997 Mbps	-1.000	0.000	1.000	5.800
77.376	375	14.580	0.000	86056.0	177.170	0.260	0.15221	3.886 Mbps	-1.000	0.000	0.000	-5.050
79.037	5800	14.919	0.000	1381102.0	1660.999	0.267	0.00979	6.652 Mbps	0.440	10.708	0.000	0.375
80.968	5800	14.988	0.000	1668337.0	1931.233	0.223	0.00608	6.911 Mbps	0.983	41.109	0.000	5.800
82.769	5800	15.188	0.000	1613698.0	1800.537	0.304	0.00947	7.170 Mbps	0.433	10.055	0.000	5.800
84.642	5800	15.314	0.000	1677909.0	1873.286	0.220	0.00219	7.166 Mbps	0.985	41.871	0.000	5.800
85.916	5800	16.041	0.000	1269746.0	1273.790	0.201	0.00531	7.975 Mbps	-1.000	0.000	1.000	5.800
