0.822	1050	2.000	0.822	301399.0	821.881	0.317	0.00000	2.934 Mbps	0.884	30.719	0.000	-7.415
1.154	375	3.668	0.000	114560.0	332.316	0.345	0.03583	2.758 Mbps	-1.000	0.000	1.000	-0.300
1.487	375	3.335	0.000	114560.0	332.316	0.402	0.00000	2.758 Mbps	0.778	26.698	0.000	0.375
1.804	375	5.018	0.000	109065.0	317.809	0.434	0.00000	2.745 Mbps	0.769	26.389	0.000	0.375
2.133	375	6.689	0.000	114069.0	328.720	0.387	0.06138	2.776 Mbps	-1.000	0.000	1.000	0.375
2.462	375	6.360	0.000	114069.0	328.720	0.479	0.00000	2.776 Mbps	0.787	27.060	0.000	0.375
2.765	375	8.057	0.000	102554.0	303.613	0.303	0.16977	2.702 Mbps	-1.000	0.000	1.000	0.375
3.061	375	7.761	0.000	102554.0	295.704	0.292	0.00000	2.775 Mbps	0.778	26.624	0.000	0.375
3.716	1050	9.106	0.000	273405.0	655.059	0.379	0.00548	3.339 Mbps	0.847	29.420	0.000	0.375
4.735	1750	10.087	0.000	471228.0	1018.985	0.303	0.00000	3.700 Mbps	0.924	34.177	0.000	1.050
5.665	1750	11.156	0.000	466402.0	930.265	0.247	0.00000	4.011 Mbps	0.931	34.572	0.000	1.750
7.301	3000	11.521	0.000	896417.0	1635.909	0.293	0.00722	4.384 Mbps	0.961	38.436	0.000	1.750
8.793	3000	12.029	0.000	742539.0	1491.602	0.303	0.00056	3.983 Mbps	0.946	36.478	0.000	3.000
10.142	3000	12.680	0.000	795617.0	1349.019	0.284	0.00909	4.718 Mbps	0.983	37.666	0.000	3.000
11.331	3000	13.491	0.000	879925.0	1188.772	0.289	0.00032	5.922 Mbps	-1.000	0.000	1.000	3.000
11.569	375	13.253	0.000	116048.0	237.857	0.412	0.11088	3.903 Mbps	-1.000	0.000	0.000	-2.250
13.159	4300	13.663	0.000	1074521.0	1590.108	0.262	0.00543	5.406 Mbps	0.961	34.653	0.000	0.375
14.893	4300	13.929	0.000	1178712.0	1734.557	0.337	0.00748	5.436 Mbps	0.622	11.261	0.000	4.300
16.406	4300	14.416	0.000	962332.0	1512.976	0.341	0.01799	5.088 Mbps	0.588	10.548	0.000	4.300
18.417	4300	14.405	0.000	1265449.0	2010.723	0.231	0.00134	5.035 Mbps	0.909	28.182	0.000	4.300
20.273	4300	14.549	0.000	1042127.0	1855.626	0.295	0.00305	4.493 Mbps	0.968	40.483	0.000	4.300
22.362	4300	14.460	0.000	1041432.0	2089.469	0.245	0.00412	3.987 Mbps	0.602	14.374	0.000	4.300
24.496	4300	14.326	0.000	1206114.0	2134.280	0.294	0.00341	4.521 Mbps	0.724	17.095	0.000	4.300
26.289	4300	14.533	0.000	1221449.0	1792.725	0.280	0.00337	5.451 Mbps	0.481	18.023	0.000	4.300
27.771	4300	15.051	0.000	1135787.0	1482.031	0.281	0.00000	6.131 Mbps	0.901	34.005	0.000	4.300
29.755	5800	15.067	0.000	1588614.0	1984.129	0.248	0.01217	6.405 Mbps	0.612	10.817	0.000	4.300
31.308	5800	15.514	0.000	1417020.0	1552.471	0.388	0.00343	7.302 Mbps	0.981	42.247	0.000	5.800
32.671	5800	16.150	0.000	1448503.0	1363.758	0.230	0.00000	8.497 Mbps	0.982	42.512	0.000	5.800
34.327	5800	16.495	0.000	1693054.0	1655.568	0.358	0.00229	8.181 Mbps	0.995	50.735	0.000	5.800
36.499	5800	16.323	0.000	1566935.0	2171.606	0.275	0.00200	5.772 Mbps	0.989	44.088	0.000	5.800
38.894	5800	15.928	0.000	1638624.0	2395.070	0.322	0.00346	5.473 Mbps	0.993	46.510	0.000	5.800
41.857	5800	14.965	0.000	1581328.0	2963.567	0.257	0.00201	4.269 Mbps	0.987	45.843	0.000	5.800
44.787	4300	14.035	0.000	1307221.0	2929.495	0.306	0.00780	3.570 Mbps	0.974	41.920	0.000	2.800
46.514	4300	14.308	0.000	786688.0	1727.353	0.242	0.00527	3.643 Mbps	-1.000	0.000	1.000	4.300
46.757	375	14.065	0.000	70786.0	242.819	0.397	0.00000	2.332 Mbps	0.890	30.305	0.000	-3.550
49.379	4300	13.443	0.000	1186224.0	2621.981	0.275	0.00056	3.619 Mbps	0.973	40.294	0.000	0.375
51.809	4300	13.013	0.000	1040422.0	2430.103	0.376	0.00000	3.425 Mbps	0.974	40.293	0.000	4.300
54.324	4300	12.497	0.000	1096651.0	2515.447	0.267	0.01893	3.488 Mbps	-1.000	0.000	1.000	4.300
54.614	375	12.208	0.000	95941.0	289.193	0.282	0.00000	2.654 Mbps	0.959	34.884	0.000	-3.550
56.460	3000	12.362	0.000	847207.0	1845.915	0.324	0.00276	3.672 Mbps	0.970	40.272	0.000	0.375
58.306	3000	12.516	0.000	836332.0	1846.456	0.373	0.02560	3.624 Mbps	0.676	14.093	0.000	3.000
59.675	3000	13.147	0.000	777438.0	1368.582	0.242	0.01023	4.544 Mbps	0.834	28.658	0.000	3.000
61.661	4300	13.161	0.000	1153282.0	1986.189	0.336	0.00361	4.645 Mbps	0.640	16.869	0.000	3.000
63.953	4300	12.869	0.000	1253407.0	2291.836	0.291	0.00624	4.375 Mbps	0.527	12.784	0.000	4.300
65.486	3000	13.336	0.000	852988.0	1533.480	0.287	0.00721	4.450 Mbps	0.857	30.490	0.000	1.700
66.808	4300	14.014	0.000	917996.0	1321.604	0.313	0.00978	5.557 Mbps	-1.000	0.000	1.000	3.000
67.005	375	13.817	0.000	87452.0	196.885	0.373	0.00000	3.553 Mbps	0.769	26.881	0.000	-3.550
68.775	4300	14.047	0.000	1245214.0	1770.701	0.311	0.00083	5.626 Mbps	0.941	37.246	0.000	0.375
70.423	4300	14.399	0.000	1223294.0	1647.873	0.304	0.02187	5.939 Mbps	0.937	35.980	0.000	4.300
71.872	4300	14.950	0.000	1125330.0	1449.104	0.309	0.00000	6.213 Mbps	0.938	34.335	0.000	4.300
73.340	4300	15.481	0.000	1095428.0	1468.254	0.288	0.01466	5.969 Mbps	0.545	10.106	0.000	4.300
75.327	5800	15.495	0.000	1567569.0	1986.199	0.313	0.01267	6.314 Mbps	0.677	12.021	0.000	4.300
76.934	5800	15.888	0.000	1381102.0	1607.238	0.274	0.01342	6.874 Mbps	0.977	39.181	0.000	5.800
78.902	5800	15.920	0.000	1668337.0	1968.019	0.322	0.00628	6.782 Mbps	0.410	9.852	0.000	5.800
80.836	5800	15.986	0.000	1613698.0	1933.770	0.235	0.01215	6.676 Mbps	-1.000	0.000	1.000	5.800
81.049	375	15.773	0.000	130446.0	213.462	0.214	0.00000	4.889 Mbps	0.742	25.892	0.000	-5.050
82.966	5800	15.856	0.000	1677909.0	1916.654	0.268	0.00007	7.003 Mbps	0.985	41.871	0.000	0.375
84.368	5800	16.454	0.000	1269746.0	1402.123	0.231	0.00372	7.245 Mbps	-1.000	0.000	1.000	5.800
84.535	375	16.287	0.000	94558.0	166.636	0.324	0.00000	4.540 Mbps	0.751	26.199	0.000	-5.050
85.687	5800	17.135	0.000	1150360.0	1152.005	0.358	0.00068	7.989 Mbps	0.415	4.582	0.000	0.375
87.032	5800	17.790	0.000	1260920.0	1345.169	0.357	0.00290	7.499 Mbps	0.994	43.945	0.000	5.800
88.171	5800	18.650	0.000	1273130.0	1139.728	0.268	0.00000	8.936 Mbps	0.998	48.983	0.000	5.800
89.280	5800	19.542	0.000	1135942.0	1108.831	0.307	0.00000	8.196 Mbps	0.998	47.964	0.000	5.800
89.994	5800	20.828	0.000	761002.0	713.443	0.353	0.00000	8.533 Mbps	0.999	55.204	0.000	5.800
91.190	5800	21.631	0.000	1341515.0	1196.650	0.328	0.00261	8.968 Mbps	0.989	44.877	0.000	5.800
92.542	5800	22.280	0.000	1527061.0	1351.095	0.307	0.00018	9.042 Mbps	0.991	46.438	0.000	5.800
93.969	5800	22.853	0.000	1618765.0	1427.427	0.332	0.00787	9.072 Mbps	0.531	11.854	0.000	5.800
95.350	5800	23.472	0.000	1562534.0	1380.622	0.216	0.00108	9.054 Mbps	0.684	13.417	0.000	5.800
96.580	5800	24.242	0.000	1382285.0	1230.586	0.260	0.00105	8.986 Mbps	0.569	12.293	0.000	5.800
98.005	5800	24.817	0.000	1463120.0	1425.144	0.233	0.00553	8.213 Mbps	0.768	18.354	0.000	5.800
99.816	5800	25.006	0.000	1655357.0	1810.341	0.228	0.00353	7.315 Mbps	0.987	45.536	0.000	5.800
102.173	5800	24.649	0.000	1730455.0	2357.292	0.285	0.00257	5.873 Mbps	-1.000	0.000	1.000	5.800
102.403	375	24.418	0.000	105317.0	230.510	0.282	0.00000	3.655 Mbps	0.894	34.246	0.000	-5.050
105.606	5800	23.216	0.000	1584844.0	3202.877	0.253	0.00947	3.959 Mbps	0.985	43.565	0.000	0.375
108.622	5800	22.200	0.000	1346286.0	3015.493	0.225	0.00495	3.572 Mbps	-1.000	0.000	1.000	5.800
108.886	375	21.936	0.000	84431.0	264.097	0.441	0.00338	2.558 Mbps	0.930	35.301	0.000	-5.050
112.611	5800	20.211	0.000	1661679.0	3725.073	0.301	0.00673	3.569 Mbps	0.940	31.456	0.000	0.375
115.775	5800	19.047	0.000	1414228.0	3163.636	0.203	0.00421	3.576 Mbps	0.973	37.630	0.000	5.800
119.397	5800	17.425	0.000	1624402.0	3622.481	0.317	0.00346	3.587 Mbps	0.973	37.644	0.000	5.800
123.079	5800	15.742	0.000	1586444.0	3682.376	0.294	0.00348	3.447 Mbps	0.496	12.595	0.000	5.800
126.530	5800	14.292	0.000	1507639.0	3450.901	0.313	0.00595	3.495 Mbps	0.977	40.645	0.000	5.800
128.605	4300	14.217	0.000	1141084.0	2074.269	0.331	0.00240	4.401 Mbps	0.957	35.618	0.000	2.800
130.549	4300	14.273	0.000	1259456.0	1944.747	0.209	0.00000	5.181 Mbps	0.962	36.292	0.000	4.300
132.296	4300	14.526	0.000	1259182.0	1746.597	0.215	0.00607	5.767 Mbps	0.960	36.019	0.000	4.300
133.908	4300	14.914	0.000	1251521.0	1611.963	0.369	0.00959	6.211 Mbps	0.328	11.981	0.000	4.300
135.027	4300	15.795	0.000	980361.0	1119.023	0.252	0.00237	7.009 Mbps	0.825	21.345	0.000	4.300
136.602	5800	16.220	0.000	1429041.0	1574.790	0.204	0.00193	7.260 Mbps	0.980	40.048	0.000	4.300
138.288	5800	16.534	0.000	1725671.0	1686.005	0.332	0.00908	8.188 Mbps	0.656	12.356	0.000	5.800
139.602	5800	17.220	0.000	1361129.0	1313.765	0.329	0.00772	8.288 Mbps	-1.000	0.000	1.000	5.800
139.778	375	17.044	0.000	97392.0	176.704	0.339	0.04254	4.409 Mbps	-1.000	0.000	0.000	-5.050
141.119	5800	17.703	0.000	1470555.0	1340.514	0.266	0.00459	8.776 Mbps	0.607	14.548	0.000	0.375
142.634	5800	18.188	0.000	1707106.0	1515.094	0.303	0.00785	9.014 Mbps	0.593	12.662	0.000	5.800
143.980	5800	18.842	0.000	1521547.0	1346.505	0.266	0.00402	9.040 Mbps	0.987	44.221	0.000	5.800
145.570	5800	19.252	0.000	1813174.0	1589.249	0.250	0.00000	9.127 Mbps	0.979	41.675	0.000	5.800
147.001	5800	19.820	0.000	1624071.0	1431.844	0.319	0.01071	9.074 Mbps	0.450	10.724	0.000	5.800
148.618	5800	20.204	0.000	1846028.0	1616.597	0.254	0.00571	9.135 Mbps	0.488	10.794	0.000	5.800
149.824	5800	20.998	0.000	1352433.0	1205.738	0.255	0.00272	8.973 Mbps	0.768	14.776	0.000	5.800
151.046	5800	21.776	0.000	1372156.0	1222.155	0.391	0.00498	8.982 Mbps	0.990	46.743	0.000	5.800
152.612	5800	22.210	0.000	1713934.0	1566.088	0.226	0.00619	8.755 Mbps	0.986	45.814	0.000	5.800
154.435	5800	22.386	0.000	1719241.0	1823.488	0.189	0.00000	7.543 Mbps	0.985	45.350	0.000	5.800
156.006	5800	22.816	0.000	1423400.0	1570.508	0.257	0.01077	7.251 Mbps	0.745	13.286	0.000	5.800
157.621	5800	23.201	0.000	1420102.0	1614.682	0.268	0.00000	7.036 Mbps	0.989	47.624	0.000	5.800
159.562	5800	23.260	0.000	1606277.0	1941.388	0.168	0.00321	6.619 Mbps	0.278	9.960	0.000	5.800
161.963	5800	22.859	0.000	1733100.0	2400.917	0.262	0.01344	5.775 Mbps	-1.000	0.000	1.000	5.800
162.191	375	22.631	0.000	121984.0	227.937	0.208	0.00000	4.281 Mbps	0.606	21.871	0.000	-5.050
164.657	5800	22.165	0.000	1863467.0	2465.670	0.167	0.00223	6.046 Mbps	-1.000	0.000	1.000	0.375
164.987	375	21.835	0.000	137242.0	330.187	0.290	0.00000	3.325 Mbps	0.771	26.640	0.000	-5.050
167.331	5800	21.491	0.000	1452790.0	2344.042	0.313	0.00000	4.958 Mbps	0.981	43.009	0.000	0.375
169.700	5800	21.122	0.000	1508981.0	2369.436	0.306	0.00332	5.095 Mbps	0.590	14.151	0.000	5.800
172.476	5800	20.346	0.000	1433891.0	2775.538	0.405	0.00535	4.133 Mbps	0.984	45.077	0.000	5.800
176.213	5800	18.609	0.000	1677364.0	3737.388	0.324	0.00155	3.590 Mbps	0.684	14.397	0.000	5.800
180.053	5800	16.769	0.000	1724153.0	3839.409	0.298	0.00874	3.593 Mbps	0.605	14.242	0.000	5.800
183.065	5800	15.757	0.000	1344964.0	3012.610	0.262	0.00572	3.572 Mbps	0.989	45.623	0.000	5.800
186.217	5800	14.605	0.000	1408894.0	3152.006	0.330	0.00867	3.576 Mbps	-1.000	0.000	1.000	5.800
186.507	375	14.315	0.000	96219.0	289.800	0.385	0.00000	2.656 Mbps	0.907	30.423	0.000	-5.050

