1.081	1050	2.000	1.081	301399.0	1081.000	0.205	0.00397	2.231 Mbps	-1.000	0.000	1.000	-10.084
1.398	375	2.000	0.317	108654.0	316.913	0.176	0.00000	2.743 Mbps	0.770	26.596	0.000	-3.564
3.386	3000	2.012	0.000	890957.0	1988.082	0.210	0.00094	3.585 Mbps	0.713	16.557	0.000	0.375
5.053	3000	2.345	0.000	842741.0	1667.220	0.228	0.00050	4.044 Mbps	0.943	34.434	0.000	3.000
6.648	3000	2.750	0.000	871216.0	1594.790	0.194	0.00050	4.370 Mbps	0.943	34.723	0.000	3.000
8.199	3000	3.199	0.000	788170.0	1550.588	0.182	0.00147	4.066 Mbps	0.469	13.159	0.000	3.000
9.929	4300	3.469	0.000	1054838.0	1729.928	0.182	0.00048	4.878 Mbps	0.936	34.189	0.000	3.000
11.475	4300	3.923	0.000	1132110.0	1546.000	0.225	0.00136	5.858 Mbps	0.962	38.371	0.000	4.300
13.679	5800	3.719	0.000	1495913.0	2204.636	0.245	0.00095	5.428 Mbps	0.845	13.250	0.000	4.300
16.513	5800	2.885	0.000	1737905.0	2833.413	0.187	0.00044	4.907 Mbps	0.977	41.776	0.000	5.800
19.115	5800	2.283	0.000	1444726.0	2602.542	0.203	0.00048	4.441 Mbps	0.971	39.945	0.000	5.800
21.310	4300	2.088	0.000	1114493.0	2195.065	0.230	0.00142	4.062 Mbps	0.992	43.768	0.000	2.800
23.200	3000	2.198	0.000	879925.0	1889.623	0.190	0.00049	3.725 Mbps	0.945	32.271	0.000	1.700
24.885	4300	2.513	0.000	1074521.0	1685.046	0.212	0.00205	5.101 Mbps	0.961	34.653	0.000	3.000
26.466	4300	2.932	0.000	1178712.0	1581.000	0.215	0.00189	5.964 Mbps	0.550	10.928	0.000	4.300
28.307	5800	3.091	0.000	1318941.0	1840.899	0.185	0.00192	5.732 Mbps	0.983	38.740	0.000	4.300
30.163	5800	3.234	0.000	1720225.0	1856.729	0.202	0.00240	7.412 Mbps	0.975	42.722	0.000	5.800
31.756	5800	3.641	0.000	1401455.0	1593.000	0.222	0.00234	7.038 Mbps	0.976	42.004	0.000	5.800
33.307	5800	4.090	0.000	1415850.0	1551.000	0.212	0.00097	7.303 Mbps	0.981	43.819	0.000	5.800
35.356	5800	4.042	0.000	1651825.0	2048.583	0.187	0.00051	6.451 Mbps	0.988	46.687	0.000	5.800
37.676	5800	3.721	0.000	1553617.0	2320.437	0.197	0.00144	5.356 Mbps	0.812	21.649	0.000	5.800
40.093	5800	3.305	0.000	1549791.0	2416.694	0.212	0.00186	5.130 Mbps	0.711	13.735	0.000	5.800
43.627	5800	2.000	0.229	1588614.0	3533.567	0.197	0.00196	3.597 Mbps	0.967	37.452	0.000	3.443
45.303	3000	2.324	0.000	758937.0	1676.346	0.212	0.00046	3.622 Mbps	0.966	39.774	0.000	0.200
47.024	3000	2.603	0.000	764632.0	1720.952	0.228	0.00359	3.554 Mbps	0.726	10.758	0.000	3.000
49.017	3000	2.610	0.000	862347.0	1993.029	0.188	0.00247	3.461 Mbps	0.988	46.158	0.000	3.000
50.801	3000	2.826	0.000	797470.0	1783.887	0.196	0.00099	3.576 Mbps	0.963	37.683	0.000	3.000
52.790	3000	2.837	0.000	860432.0	1988.966	0.188	0.00089	3.461 Mbps	0.890	24.488	0.000	3.000
54.604	3000	3.023	0.000	830717.0	1813.647	0.218	0.00192	3.664 Mbps	0.976	42.048	0.000	3.000
56.701	3000	2.926	0.000	910409.0	2097.633	0.225	0.00106	3.472 Mbps	-1.000	0.000	1.000	3.000
56.977	375	2.650	0.000	117953.0	275.862	0.346	0.08372	3.421 Mbps	-1.000	0.000	0.000	-2.250
58.305	3000	3.322	0.000	557657.0	1328.000	0.195	0.00260	3.359 Mbps	-1.000	0.000	1.000	0.375
58.498	375	3.129	0.000	70786.0	192.885	0.364	0.00000	2.936 Mbps	0.890	30.305	0.000	-2.250
60.521	4300	3.105	0.000	1186224.0	2023.507	0.212	0.00200	4.690 Mbps	-1.000	0.000	1.000	0.375
60.745	375	2.881	0.000	101895.0	224.011	0.266	0.16221	3.639 Mbps	-1.000	0.000	0.000	-3.550
62.042	1750	3.584	0.000	443175.0	1297.000	0.181	0.00247	2.734 Mbps	0.942	31.772	0.000	0.375
63.503	3000	4.124	0.000	783613.0	1460.346	0.153	0.00043	4.293 Mbps	0.982	41.881	0.000	1.750
65.548	4300	4.079	0.000	1289005.0	2044.774	0.245	0.00241	5.043 Mbps	0.980	42.615	0.000	3.000
67.733	5800	3.893	0.000	1552646.0	2185.659	0.185	0.00089	5.683 Mbps	0.978	40.686	0.000	4.300
69.918	5800	3.709	0.000	1506634.0	2184.703	0.202	0.00286	5.517 Mbps	0.900	31.019	0.000	5.800
71.879	5800	3.748	0.000	1563987.0	1960.700	0.197	0.00096	6.381 Mbps	0.914	32.508	0.000	5.800
74.100	5800	3.527	0.000	1695101.0	2221.402	0.211	0.00276	6.105 Mbps	0.922	34.371	0.000	5.800
76.025	5800	3.602	0.000	1663740.0	1924.595	0.241	0.00187	6.916 Mbps	0.918	33.606	0.000	5.800
77.532	5800	4.095	0.000	1227176.0	1507.000	0.178	0.00087	6.515 Mbps	0.545	11.280	0.000	5.800
79.521	5800	4.106	0.000	1698056.0	1989.044	0.214	0.00045	6.830 Mbps	0.958	39.106	0.000	5.800
81.395	5800	4.232	0.000	1636097.0	1873.993	0.217	0.00187	6.984 Mbps	0.958	37.997	0.000	5.800
83.090	5800	4.536	0.000	1520273.0	1695.618	0.199	0.00133	7.173 Mbps	0.958	36.269	0.000	5.800
84.726	5800	4.900	0.000	1488333.0	1636.000	0.247	0.00241	7.278 Mbps	0.918	30.585	0.000	5.800
86.339	5800	5.288	0.000	1567569.0	1612.736	0.194	0.00263	7.776 Mbps	0.910	29.449	0.000	5.800
87.891	5800	5.736	0.000	1381102.0	1552.000	0.215	0.00144	7.119 Mbps	0.487	10.976	0.000	5.800
89.513	5800	6.114	0.000	1668337.0	1622.000	0.188	0.00221	8.229 Mbps	0.726	17.667	0.000	5.800
91.165	5800	6.462	0.000	1613698.0	1652.000	0.227	0.00439	7.815 Mbps	0.419	10.292	0.000	5.800
92.789	5800	6.838	0.000	1677909.0	1624.000	0.176	0.00046	8.266 Mbps	0.985	41.871	0.000	5.800
94.311	5800	7.316	0.000	1269746.0	1522.000	0.216	0.00138	6.674 Mbps	0.983	41.297	0.000	5.800
95.867	5800	7.760	0.000	1150360.0	1556.000	0.205	0.00179	5.914 Mbps	0.997	46.908	0.000	5.800
97.443	5800	8.184	0.000	1260920.0	1576.000	0.206	0.00046	6.401 Mbps	0.994	43.945	0.000	5.800
99.018	5800	8.609	0.000	1273130.0	1575.000	0.229	0.00101	6.467 Mbps	0.917	17.231	0.000	5.800
100.595	5800	9.032	0.000	1135942.0	1577.000	0.234	0.00243	5.763 Mbps	0.431	5.817	0.000	5.800
102.076	5800	9.551	0.000	761002.0	1481.000	0.218	0.00202	4.111 Mbps	0.418	7.545	0.000	5.800
104.963	5800	8.664	0.000	1341515.0	2886.757	0.178	0.00094	3.718 Mbps	0.989	44.877	0.000	5.800
108.372	5800	7.254	0.000	1527061.0	3409.662	0.211	0.00148	3.583 Mbps	0.587	13.001	0.000	5.800
112.014	5800	5.612	0.000	1618765.0	3641.878	0.178	0.00177	3.556 Mbps	0.569	12.121	0.000	5.800
115.501	5800	4.125	0.000	1562534.0	3487.008	0.188	0.00184	3.585 Mbps	0.821	15.597	0.000	5.800
117.843	4300	3.783	0.000	1037435.0	2342.063	0.153	0.00000	3.544 Mbps	0.990	46.095	0.000	2.800
120.266	4300	3.361	0.000	1035586.0	2422.262	0.210	0.00099	3.420 Mbps	0.967	40.366	0.000	4.300
123.160	4300	2.467	0.000	1240704.0	2893.965	0.212	0.00000	3.430 Mbps	0.984	44.290	0.000	4.300
125.203	3000	2.423	0.000	847039.0	2043.612	0.228	0.00183	3.316 Mbps	0.823	20.204	0.000	1.700
126.902	3000	2.724	0.000	838750.0	1699.218	0.171	0.00090	3.949 Mbps	0.961	38.536	0.000	3.000
128.311	3000	3.315	0.000	683962.0	1409.000	0.186	0.00095	3.883 Mbps	0.974	42.047	0.000	3.000
129.839	3000	3.788	0.000	883799.0	1527.088	0.180	0.00106	4.630 Mbps	0.197	6.013	0.000	3.000
131.772	5800	3.855	0.000	1414228.0	1933.638	0.222	0.00098	5.851 Mbps	0.657	17.301	0.000	3.000
133.743	5800	3.884	0.000	1624402.0	1970.364	0.191	0.00142	6.595 Mbps	0.973	37.644	0.000	5.800
135.549	5800	4.077	0.000	1586444.0	1806.696	0.186	0.00094	7.025 Mbps	0.973	38.895	0.000	5.800
137.234	5800	4.392	0.000	1507639.0	1685.000	0.242	0.00288	7.158 Mbps	0.953	28.904	0.000	5.800
138.841	5800	4.785	0.000	1511193.0	1607.000	0.210	0.00236	7.523 Mbps	0.972	37.700	0.000	5.800
140.510	5800	5.116	0.000	1696662.0	1669.000	0.249	0.00000	8.133 Mbps	0.976	38.592	0.000	5.800
142.091	5800	5.535	0.000	1656262.0	1581.000	0.158	0.00046	8.381 Mbps	0.973	38.001	0.000	5.800
143.703	5800	5.923	0.000	1660557.0	1612.000	0.204	0.00000	8.241 Mbps	0.971	37.667	0.000	5.800
145.301	5800	6.325	0.000	1321595.0	1598.000	0.221	0.00188	6.616 Mbps	0.972	37.773	0.000	5.800
146.855	5800	6.771	0.000	1429041.0	1554.000	0.189	0.00107	7.357 Mbps	0.980	40.048	0.000	5.800
148.543	5800	7.083	0.000	1725671.0	1688.000	0.226	0.00268	8.179 Mbps	-1.000	0.000	1.000	5.800
148.721	375	6.906	0.000	116959.0	177.354	0.293	0.07052	5.276 Mbps	0.907	33.133	0.000	-5.050
150.191	5800	7.436	0.000	1361129.0	1470.000	0.174	0.00141	7.408 Mbps	0.515	13.063	0.000	0.375
151.787	5800	7.840	0.000	1470555.0	1596.000	0.207	0.00194	7.371 Mbps	0.718	23.405	0.000	5.800
153.637	5800	7.990	0.000	1707106.0	1850.270	0.180	0.00050	7.381 Mbps	0.978	44.779	0.000	5.800
155.463	5800	8.164	0.000	1521547.0	1825.712	0.194	0.00122	6.667 Mbps	0.646	12.357	0.000	5.800
157.681	5800	7.945	0.000	1813174.0	2218.825	0.210	0.00188	6.537 Mbps	0.979	41.675	0.000	5.800
159.947	5800	7.680	0.000	1624071.0	2265.259	0.202	0.00092	5.736 Mbps	0.833	16.980	0.000	5.800
162.460	5800	7.167	0.000	1846028.0	2513.091	0.191	0.00182	5.877 Mbps	0.666	12.862	0.000	5.800
164.575	5800	7.052	0.000	1352433.0	2115.464	0.211	0.00095	5.114 Mbps	0.497	10.075	0.000	5.800
166.637	5800	6.990	0.000	1372156.0	2061.313	0.261	0.00282	5.325 Mbps	0.990	46.743	0.000	5.800
169.654	5800	5.972	0.000	1713934.0	3017.837	0.190	0.00089	4.543 Mbps	0.986	45.814	0.000	5.800
173.497	5800	4.129	0.000	1719241.0	3842.958	0.200	0.00237	3.579 Mbps	0.666	13.840	0.000	5.800
175.842	4300	3.784	0.000	1038792.0	2345.021	0.218	0.00000	3.544 Mbps	0.983	44.930	0.000	2.800
178.252	4300	3.375	0.000	1068507.0	2409.813	0.205	0.00131	3.547 Mbps	0.809	15.395	0.000	4.300
180.941	4300	2.686	0.000	1196322.0	2688.506	0.234	0.00313	3.560 Mbps	0.924	30.308	0.000	4.300
183.068	3000	2.559	0.000	938913.0	2127.241	0.204	0.00189	3.531 Mbps	0.859	26.490	0.000	1.700
185.293	3000	2.334	0.000	983771.0	2225.052	0.210	0.00100	3.537 Mbps	0.938	32.875	0.000	3.000
187.019	3000	2.607	0.000	755059.0	1726.359	0.220	0.00238	3.499 Mbps	0.527	13.218	0.000	3.000
188.948	3000	2.679	0.000	847926.0	1928.850	0.160	0.00054	3.517 Mbps	0.416	10.126	0.000	3.000
190.683	3000	2.943	0.000	759141.0	1735.260	0.220	0.00052	3.500 Mbps	0.971	39.748	0.000	3.000
192.798	3000	2.829	0.000	933202.0	2114.789	0.188	0.00052	3.530 Mbps	0.564	11.590	0.000	3.000
194.720	3000	2.906	0.000	849525.0	1922.125	0.197	0.00045	3.536 Mbps	0.970	38.554	0.000	3.000
197.009	4300	2.618	0.000	1011917.0	2288.549	0.222	0.00425	3.537 Mbps	0.779	12.400	0.000	3.000
198.812	4300	2.814	0.000	1035382.0	1803.483	0.203	0.00049	4.593 Mbps	0.984	42.975	0.000	4.300

