1.957	3000	2.000	1.957	820609.0	1956.569	0.276	0.00195	3.355 Mbps	0.462	12.968	0.000	-17.153
3.914	3000	2.043	0.000	890957.0	1957.183	0.231	0.00051	3.642 Mbps	0.946	34.932	0.000	3.000
6.087	4300	2.000	0.130	1196861.0	2172.750	0.189	0.00103	4.407 Mbps	0.962	37.344	0.000	1.662
8.468	4300	2.000	0.382	1241725.0	2381.734	0.225	0.00101	4.171 Mbps	0.961	37.479	0.000	0.368
10.107	4300	2.361	0.000	1145415.0	1639.042	0.185	0.00100	5.591 Mbps	0.959	36.908	0.000	4.300
12.202	5800	2.267	0.000	1430057.0	2094.280	0.260	0.00102	5.463 Mbps	0.954	35.893	0.000	4.300
14.453	5800	2.015	0.000	1522590.0	2251.657	0.217	0.00135	5.410 Mbps	0.972	40.002	0.000	5.800
16.849	5800	2.000	0.380	1495913.0	2395.433	0.176	0.00000	4.996 Mbps	0.973	40.353	0.000	1.882
18.998	4300	2.000	0.149	1277041.0	2149.000	0.194	0.00090	4.754 Mbps	0.969	40.229	0.000	1.265
21.105	4300	2.000	0.107	1064186.0	2107.272	0.196	0.00167	4.040 Mbps	0.811	12.478	0.000	3.195
23.340	4300	2.000	0.235	1114493.0	2234.792	0.193	0.00000	3.990 Mbps	0.992	43.768	0.000	1.882
25.313	4300	2.027	0.000	1262526.0	1973.012	0.194	0.00370	5.119 Mbps	0.969	35.426	0.000	4.300
27.221	5800	2.118	0.000	1431249.0	1908.559	0.237	0.00345	5.999 Mbps	0.974	36.766	0.000	4.300
29.111	5800	2.229	0.000	1606806.0	1889.460	0.195	0.00289	6.803 Mbps	0.978	36.913	0.000	5.800
30.661	5800	2.679	0.000	1318941.0	1550.000	0.199	0.00089	6.807 Mbps	0.983	38.740	0.000	5.800
32.248	5800	3.092	0.000	1720225.0	1586.760	0.183	0.00089	8.673 Mbps	0.975	42.722	0.000	5.800
33.787	5800	3.553	0.000	1401455.0	1539.000	0.188	0.00129	7.285 Mbps	0.706	14.906	0.000	5.800
35.651	5800	3.688	0.000	1415850.0	1864.928	0.229	0.00258	6.074 Mbps	0.543	13.622	0.000	5.800
38.062	5800	3.278	0.000	1651825.0	2410.698	0.209	0.00290	5.482 Mbps	0.988	46.687	0.000	5.800
41.210	5800	2.130	0.000	1553617.0	3147.662	0.194	0.00049	3.949 Mbps	0.984	43.815	0.000	5.800
43.765	4300	2.000	0.426	1135787.0	2555.694	0.221	0.00132	3.555 Mbps	0.901	34.005	0.000	-1.585
46.263	4300	2.000	0.498	1155212.0	2497.947	0.205	0.00144	3.700 Mbps	0.596	10.358	0.000	-0.829
48.737	4300	2.000	0.473	1082639.0	2473.351	0.214	0.00145	3.502 Mbps	0.976	41.082	0.000	-0.576
50.450	3000	2.286	0.000	764632.0	1713.677	0.186	0.00109	3.570 Mbps	0.726	10.758	0.000	1.700
53.333	4300	2.000	0.596	1257347.0	2882.346	0.164	0.00172	3.490 Mbps	0.992	48.514	0.000	-3.139
55.069	3000	2.264	0.000	797470.0	1736.213	0.204	0.00097	3.675 Mbps	0.819	20.223	0.000	1.700
57.766	4300	2.000	0.433	1244540.0	2697.161	0.203	0.00142	3.691 Mbps	0.990	44.861	0.000	-1.464
59.754	4300	2.012	0.000	1160358.0	1987.646	0.215	0.00099	4.670 Mbps	0.983	44.342	0.000	4.300
62.005	4300	2.000	0.239	1307221.0	2251.108	0.170	0.00044	4.646 Mbps	0.974	41.920	0.000	1.841
63.437	4300	2.568	0.000	786688.0	1432.000	0.195	0.00146	4.395 Mbps	0.877	19.764	0.000	4.300
65.253	4300	2.752	0.000	1186224.0	1816.222	0.169	0.00096	5.225 Mbps	0.973	40.294	0.000	4.300
67.240	5800	2.765	0.000	1373344.0	1986.545	0.179	0.00237	5.531 Mbps	0.981	41.891	0.000	4.300
69.314	5800	2.691	0.000	1452782.0	2074.317	0.191	0.00190	5.603 Mbps	0.903	21.521	0.000	5.800
71.461	5800	2.544	0.000	1747460.0	2147.160	0.192	0.00182	6.511 Mbps	0.985	44.003	0.000	5.800
73.567	5800	2.438	0.000	1552646.0	2105.722	0.190	0.00089	5.899 Mbps	0.978	40.686	0.000	5.800
75.334	5800	2.671	0.000	1506634.0	1767.313	0.214	0.00152	6.820 Mbps	-1.000	0.000	1.000	5.800
75.523	375	2.482	0.000	101140.0	189.144	0.170	0.04092	4.278 Mbps	0.559	23.090	0.000	-5.050
77.371	5800	2.633	0.000	1563987.0	1848.112	0.200	0.00098	6.770 Mbps	0.914	32.508	0.000	0.375
79.336	5800	2.669	0.000	1695101.0	1964.540	0.184	0.00378	6.903 Mbps	0.922	34.371	0.000	5.800
81.192	5800	2.813	0.000	1663740.0	1855.644	0.196	0.00049	7.173 Mbps	0.918	33.606	0.000	5.800
82.710	5800	3.295	0.000	1227176.0	1518.000	0.182	0.00251	6.467 Mbps	0.784	15.529	0.000	5.800
84.351	5800	3.654	0.000	1698056.0	1641.000	0.202	0.00151	8.278 Mbps	0.958	39.106	0.000	5.800
86.043	5800	3.962	0.000	1636097.0	1692.284	0.183	0.00098	7.734 Mbps	0.914	29.672	0.000	5.800
87.719	5800	4.286	0.000	1520273.0	1676.000	0.271	0.00374	7.257 Mbps	0.958	36.269	0.000	5.800
89.242	5800	4.763	0.000	1488333.0	1523.000	0.206	0.00188	7.818 Mbps	0.918	30.585	0.000	5.800
90.859	5800	5.146	0.000	1567569.0	1617.000	0.230	0.00143	7.755 Mbps	0.910	29.449	0.000	5.800
92.450	5800	5.555	0.000	1381102.0	1591.000	0.221	0.00182	6.945 Mbps	0.977	39.181	0.000	5.800
94.095	5800	5.910	0.000	1668337.0	1645.000	0.197	0.00236	8.113 Mbps	0.983	41.109	0.000	5.800
95.723	5800	6.282	0.000	1613698.0	1628.000	0.190	0.00276	7.930 Mbps	0.985	41.946	0.000	5.800
97.478	5800	6.527	0.000	1677909.0	1754.808	0.188	0.00095	7.649 Mbps	0.703	17.327	0.000	5.800
99.003	5800	7.002	0.000	1269746.0	1525.160	0.223	0.00198	6.660 Mbps	0.983	41.297	0.000	5.800
100.563	5800	7.442	0.000	1150360.0	1560.000	0.197	0.00128	5.899 Mbps	0.436	4.725	0.000	5.800
102.636	5800	7.369	0.000	1260920.0	2073.468	0.184	0.00102	4.865 Mbps	0.994	43.945	0.000	5.800
104.978	4300	7.027	0.000	1040117.0	2341.198	0.206	0.00093	3.554 Mbps	0.997	46.826	0.000	2.800
106.463	3000	7.542	0.000	644403.0	1485.081	0.220	0.00043	3.471 Mbps	0.462	5.379	0.000	1.700
107.944	4300	8.061	0.000	637803.0	1481.000	0.243	0.00238	3.445 Mbps	0.468	3.817	0.000	3.000
110.236	4300	7.769	0.000	1014684.0	2292.455	0.182	0.00045	3.541 Mbps	0.985	43.390	0.000	4.300
112.866	4300	7.139	0.000	1149216.0	2630.202	0.202	0.00046	3.495 Mbps	0.988	44.796	0.000	4.300
114.696	3000	7.309	0.000	802430.0	1829.649	0.178	0.00148	3.509 Mbps	0.500	9.190	0.000	1.700
117.339	4300	6.666	0.000	1175261.0	2642.584	0.193	0.00095	3.558 Mbps	0.991	46.155	0.000	3.000
119.765	4300	6.240	0.000	1037435.0	2426.293	0.163	0.00000	3.421 Mbps	0.990	46.095	0.000	4.300
121.465	3000	6.540	0.000	705121.0	1700.586	0.194	0.00124	3.317 Mbps	0.953	38.018	0.000	1.700
123.770	3000	6.235	0.000	970403.0	2304.244	0.226	0.00094	3.369 Mbps	0.973	40.998	0.000	3.000
125.541	3000	6.464	0.000	847039.0	1770.847	0.235	0.00091	3.827 Mbps	0.954	40.046	0.000	3.000
127.106	3000	6.899	0.000	838750.0	1565.732	0.144	0.00095	4.286 Mbps	0.961	38.536	0.000	3.000
128.793	4300	7.212	0.000	964253.0	1686.322	0.181	0.00093	4.574 Mbps	0.980	43.703	0.000	3.000
130.520	4300	7.485	0.000	1232752.0	1727.633	0.223	0.00091	5.708 Mbps	0.908	29.432	0.000	4.300
132.340	5800	7.665	0.000	1414228.0	1819.659	0.206	0.00120	6.218 Mbps	0.973	37.630	0.000	4.300
134.282	5800	7.723	0.000	1624402.0	1942.104	0.223	0.00192	6.691 Mbps	0.809	22.148	0.000	5.800
136.057	5800	7.948	0.000	1586444.0	1775.118	0.181	0.00139	7.150 Mbps	0.973	38.895	0.000	5.800
137.762	5800	8.243	0.000	1507639.0	1705.000	0.198	0.00281	7.074 Mbps	0.348	10.407	0.000	5.800
139.354	5800	8.651	0.000	1511193.0	1592.000	0.224	0.00141	7.594 Mbps	0.523	14.599	0.000	5.800
141.013	5800	8.992	0.000	1696662.0	1659.000	0.236	0.00181	8.182 Mbps	0.601	14.731	0.000	5.800
142.622	5800	9.383	0.000	1656262.0	1609.000	0.160	0.00185	8.235 Mbps	0.422	13.087	0.000	5.800
144.195	5800	9.810	0.000	1660557.0	1573.000	0.175	0.00049	8.445 Mbps	0.971	37.667	0.000	5.800
145.786	5800	10.219	0.000	1321595.0	1591.000	0.232	0.00044	6.645 Mbps	0.469	14.208	0.000	5.800
147.403	5800	10.602	0.000	1429041.0	1617.000	0.218	0.00153	7.070 Mbps	0.980	40.048	0.000	5.800
149.055	5800	10.950	0.000	1725671.0	1652.000	0.216	0.00144	8.357 Mbps	0.969	42.610	0.000	5.800
150.539	5800	11.466	0.000	1361129.0	1484.000	0.192	0.00096	7.338 Mbps	0.848	15.013	0.000	5.800
152.073	5800	11.932	0.000	1470555.0	1534.000	0.158	0.00000	7.669 Mbps	0.994	49.216	0.000	5.800
153.998	5800	12.007	0.000	1707106.0	1925.013	0.189	0.00090	7.094 Mbps	0.978	44.779	0.000	5.800
155.743	5800	12.262	0.000	1521547.0	1744.652	0.218	0.00181	6.977 Mbps	0.987	44.221	0.000	5.800
158.065	5800	11.940	0.000	1813174.0	2322.450	0.237	0.00235	6.246 Mbps	0.643	12.594	0.000	5.800
160.300	5800	11.705	0.000	1624071.0	2234.522	0.192	0.00153	5.814 Mbps	0.980	42.506	0.000	5.800
162.739	5800	11.265	0.000	1846028.0	2439.758	0.187	0.00091	6.053 Mbps	0.984	43.654	0.000	5.800
164.647	5800	11.358	0.000	1352433.0	1907.285	0.203	0.00149	5.673 Mbps	0.434	8.555	0.000	5.800
166.749	5800	11.256	0.000	1372156.0	2101.778	0.177	0.00274	5.223 Mbps	0.990	46.743	0.000	5.800
169.861	5800	10.144	0.000	1713934.0	3112.628	0.199	0.00187	4.405 Mbps	-1.000	0.000	1.000	5.800
170.218	375	9.787	0.000	120683.0	357.199	0.231	0.00000	2.703 Mbps	0.911	32.607	0.000	-5.050
173.055	4300	8.950	0.000	1270175.0	2836.414	0.192	0.00052	3.582 Mbps	0.979	43.441	0.000	0.375
175.400	4300	8.605	0.000	1038792.0	2345.021	0.214	0.00141	3.544 Mbps	0.731	13.136	0.000	4.300
177.810	4300	8.195	0.000	1068507.0	2409.813	0.219	0.00000	3.547 Mbps	0.984	45.880	0.000	4.300
180.498	4300	7.507	0.000	1196322.0	2688.506	0.214	0.00357	3.560 Mbps	0.532	10.227	0.000	4.300
183.466	4300	6.538	0.000	1324657.0	2968.332	0.164	0.00000	3.570 Mbps	0.921	29.716	0.000	4.300
186.630	4300	5.375	0.000	1413974.0	3163.083	0.187	0.00186	3.576 Mbps	0.980	40.232	0.000	4.300
189.101	4300	4.904	0.000	1096779.0	2471.459	0.223	0.00099	3.550 Mbps	0.917	25.284	0.000	4.300
191.666	4300	4.339	0.000	1139799.0	2565.261	0.202	0.00134	3.555 Mbps	0.801	16.932	0.000	4.300
194.077	4300	3.928	0.000	1069005.0	2410.899	0.253	0.00199	3.547 Mbps	0.741	13.132	0.000	4.300
196.864	4300	3.141	0.000	1274531.0	2787.077	0.209	0.00138	3.658 Mbps	0.982	42.943	0.000	4.300
199.027	4300	2.978	0.000	1270342.0	2162.594	0.176	0.00098	4.699 Mbps	0.980	42.129	0.000	4.300
201.332	5800	2.673	0.000	1344964.0	2304.918	0.193	0.00243	4.668 Mbps	0.989	45.623	0.000	4.300
203.069	4300	2.936	0.000	1035382.0	1737.274	0.230	0.00144	4.768 Mbps	0.710	11.599	0.000	2.800

