0.822	1050	2.000	0.822	301399.0	821.881	0.504	0.01833	2.934 Mbps	0.884	30.719	0.000	-7.415
2.034	1750	2.788	0.000	516104.0	1212.379	0.173	0.03363	3.406 Mbps	0.909	31.798	0.000	1.050
3.168	1750	3.654	0.000	486227.0	1133.612	0.271	0.00206	3.431 Mbps	0.756	17.541	0.000	1.750
4.970	3000	3.852	0.000	871216.0	1801.702	0.192	0.01520	3.868 Mbps	-1.000	0.000	1.000	1.750
5.327	375	3.495	0.000	114069.0	357.000	0.032	0.00000	2.556 Mbps	0.787	27.060	0.000	-2.250
6.183	1750	4.639	0.000	461885.0	856.394	0.206	0.02252	4.315 Mbps	-1.000	0.000	1.000	0.375
6.461	375	4.360	0.000	102554.0	278.421	0.136	0.00000	2.947 Mbps	0.778	26.624	0.000	-1.000
8.536	4300	4.286	0.000	1054838.0	2074.325	0.111	0.00376	4.068 Mbps	0.936	34.189	0.000	0.375
10.403	4300	4.419	0.000	1132110.0	1867.264	0.100	0.00380	4.850 Mbps	-1.000	0.000	1.000	4.300
10.684	375	4.138	0.000	106010.0	281.000	0.244	0.01184	3.018 Mbps	-1.000	0.000	0.000	-3.550
12.872	5800	3.950	0.000	1495913.0	2187.698	0.056	0.00046	5.470 Mbps	0.973	40.353	0.000	0.375
15.427	5800	3.395	0.000	1737905.0	2555.072	0.110	0.00243	5.441 Mbps	0.606	11.118	0.000	5.800
18.001	5800	2.821	0.000	1444726.0	2573.956	0.171	0.00589	4.490 Mbps	0.971	39.945	0.000	5.800
20.652	5800	2.170	0.000	1460782.0	2651.594	0.299	0.01065	4.407 Mbps	0.994	45.751	0.000	5.800
23.079	4300	2.000	0.257	1262526.0	2426.613	0.065	0.00151	4.162 Mbps	0.477	5.461	0.000	0.153
24.799	4300	2.280	0.000	1074521.0	1720.083	0.090	0.00059	4.998 Mbps	0.452	5.938	0.000	4.300
26.346	4300	2.733	0.000	1178712.0	1547.216	0.101	0.00665	6.095 Mbps	0.965	34.528	0.000	4.300
28.144	5800	2.935	0.000	1318941.0	1798.000	0.165	0.00872	5.868 Mbps	0.551	10.951	0.000	4.300
30.443	5800	2.636	0.000	1720225.0	2299.000	0.119	0.00413	5.986 Mbps	-1.000	0.000	1.000	5.800
30.653	375	2.425	0.000	123257.0	210.202	0.058	0.00000	4.691 Mbps	0.898	34.059	0.000	-5.050
32.573	5800	2.505	0.000	1401455.0	1920.000	0.220	0.01056	5.839 Mbps	0.976	42.004	0.000	0.375
34.385	5800	2.693	0.000	1415850.0	1812.000	0.072	0.00140	6.251 Mbps	0.579	14.200	0.000	5.800
36.812	5800	2.266	0.000	1651825.0	2427.000	0.202	0.00455	5.445 Mbps	0.988	46.687	0.000	5.800
39.245	5800	2.000	0.167	1553617.0	2433.000	0.079	0.00068	5.108 Mbps	0.984	43.815	0.000	4.085
41.699	4300	2.000	0.454	1135787.0	2453.650	0.096	0.00182	3.703 Mbps	0.901	34.005	0.000	-1.873
43.482	3000	2.217	0.000	781364.0	1782.896	0.187	0.00176	3.506 Mbps	0.934	33.652	0.000	1.700
45.185	3000	2.514	0.000	758937.0	1703.407	0.058	0.00450	3.564 Mbps	-1.000	0.000	1.000	3.000
45.484	375	2.215	0.000	100248.0	298.585	0.018	0.00000	2.686 Mbps	0.932	35.251	0.000	-2.250
46.558	1750	3.141	0.000	449719.0	1074.125	0.264	0.00395	3.349 Mbps	-1.000	0.000	1.000	0.375
46.821	375	2.878	0.000	100121.0	263.262	0.170	0.00000	3.042 Mbps	0.923	33.238	0.000	-1.000
47.826	1750	3.873	0.000	497300.0	1004.597	0.359	0.00141	3.960 Mbps	0.987	45.104	0.000	0.375
49.687	3000	4.012	0.000	797470.0	1860.735	0.082	0.00459	3.429 Mbps	0.963	37.683	0.000	1.750
51.631	3000	4.068	0.000	860432.0	1944.325	0.560	0.02501	3.540 Mbps	-1.000	0.000	1.000	3.000
51.945	375	3.754	0.000	112964.0	314.426	0.089	0.00000	2.874 Mbps	0.857	30.983	0.000	-2.250
54.643	4300	3.056	0.000	1160358.0	2697.688	0.198	0.00336	3.441 Mbps	0.884	21.416	0.000	0.375
57.513	4300	2.186	0.000	1307221.0	2870.174	0.222	0.00254	3.644 Mbps	0.974	41.920	0.000	4.300
59.011	4300	2.688	0.000	786688.0	1497.856	0.098	0.00116	4.202 Mbps	0.989	42.858	0.000	4.300
61.002	4300	2.697	0.000	1186224.0	1990.614	0.300	0.01718	4.767 Mbps	0.604	11.866	0.000	4.300
62.709	4300	2.990	0.000	1040422.0	1706.824	0.168	0.00593	4.877 Mbps	0.974	40.293	0.000	4.300
64.627	4300	3.072	0.000	1096651.0	1918.721	0.127	0.00167	4.572 Mbps	0.989	44.828	0.000	4.300
66.662	4300	3.037	0.000	1289005.0	2034.944	0.276	0.01179	5.067 Mbps	0.980	42.615	0.000	4.300
68.309	4300	3.390	0.000	1143546.0	1646.639	0.058	0.00181	5.556 Mbps	0.969	38.997	0.000	4.300
70.590	5800	3.109	0.000	1506634.0	2281.000	0.215	0.01175	5.284 Mbps	0.900	31.019	0.000	4.300
72.806	5800	2.893	0.000	1563987.0	2216.000	0.191	0.00528	5.646 Mbps	0.618	13.925	0.000	5.800
75.804	5800	2.000	0.105	1695101.0	2998.000	0.316	0.01490	4.523 Mbps	-1.000	0.000	1.000	4.720
76.026	375	2.000	0.222	107012.0	222.000	0.190	0.01465	3.856 Mbps	-1.000	0.000	0.000	-7.337
78.574	5800	2.000	0.548	1663740.0	2548.000	0.054	0.00066	5.224 Mbps	0.389	10.341	0.000	-5.269
80.406	5800	2.168	0.000	1227176.0	1832.000	0.211	0.01002	5.359 Mbps	0.933	35.716	0.000	5.800
82.739	5800	2.000	0.165	1698056.0	2333.000	0.016	0.00000	5.823 Mbps	0.958	39.106	0.000	4.100
85.064	5800	2.000	0.325	1636097.0	2325.000	0.220	0.00840	5.630 Mbps	0.958	37.997	0.000	2.452
87.115	5800	2.000	0.051	1520273.0	2051.000	0.242	0.01733	5.930 Mbps	0.958	36.269	0.000	5.275
89.290	5800	2.000	0.175	1488333.0	2175.000	0.117	0.00476	5.474 Mbps	0.424	7.374	0.000	3.997
91.421	5800	2.000	0.131	1567569.0	2131.000	0.189	0.01221	5.885 Mbps	-1.000	0.000	1.000	4.451
91.668	375	2.000	0.247	86056.0	247.000	0.042	0.00276	2.787 Mbps	0.513	10.253	0.000	-7.594
93.730	5800	2.000	0.062	1381102.0	2062.000	0.064	0.00000	5.358 Mbps	0.977	39.181	0.000	-0.264
96.424	5800	2.000	0.694	1668337.0	2694.000	0.343	0.01336	4.954 Mbps	0.428	10.424	0.000	-1.348
98.833	5800	2.000	0.409	1613698.0	2409.000	0.451	0.05610	5.359 Mbps	-1.000	0.000	1.000	1.587
99.140	375	2.000	0.307	130446.0	307.000	0.357	0.01816	3.399 Mbps	-1.000	0.000	0.000	-8.212
101.379	5800	2.000	0.239	1677909.0	2239.119	0.233	0.00199	5.995 Mbps	-1.000	0.000	1.000	-2.088
101.652	375	2.000	0.273	128640.0	273.000	0.104	0.00000	3.770 Mbps	0.746	25.999	0.000	-7.862
104.004	5800	2.000	0.352	1269746.0	2352.317	0.105	0.00432	4.318 Mbps	-1.000	0.000	1.000	-3.254
104.294	375	2.000	0.290	94558.0	290.000	0.029	0.00360	2.608 Mbps	-1.000	0.000	0.000	-8.037
104.620	375	3.674	0.000	109558.0	326.000	0.309	0.01938	2.689 Mbps	0.606	13.059	0.000	0.375
106.932	4300	3.362	0.000	1023670.0	2312.049	0.140	0.00556	3.542 Mbps	0.771	14.856	0.000	0.375
109.280	4300	3.014	0.000	1040117.0	2347.911	0.135	0.00150	3.544 Mbps	0.445	8.310	0.000	4.300
111.869	5800	2.425	0.000	1135942.0	2589.113	0.132	0.00218	3.510 Mbps	0.431	5.817	0.000	4.300
113.609	5800	2.686	0.000	761002.0	1739.318	0.206	0.01463	3.500 Mbps	0.418	7.545	0.000	5.800
115.901	4300	2.393	0.000	1014684.0	2292.455	0.093	0.00616	3.541 Mbps	-1.000	0.000	1.000	2.800
116.235	375	2.059	0.000	116404.0	333.812	0.051	0.00000	2.790 Mbps	0.892	29.214	0.000	-3.550
116.997	1050	3.297	0.000	312950.0	762.368	0.062	0.00000	3.284 Mbps	0.952	33.383	0.000	0.375
118.827	3000	3.467	0.000	802430.0	1829.649	0.265	0.00266	3.509 Mbps	0.559	12.568	0.000	1.050
120.720	3000	3.574	0.000	787745.0	1893.394	0.202	0.00210	3.328 Mbps	0.561	12.483	0.000	3.000
122.428	3000	3.866	0.000	708448.0	1707.841	0.128	0.00055	3.319 Mbps	0.980	37.884	0.000	3.000
124.143	3000	4.152	0.000	705121.0	1714.362	0.245	0.00405	3.290 Mbps	0.543	12.706	0.000	3.000
126.351	3000	3.944	0.000	970403.0	2207.933	0.111	0.00592	3.516 Mbps	0.848	18.866	0.000	3.000
127.923	3000	4.371	0.000	847039.0	1572.537	0.041	0.00000	4.309 Mbps	0.954	40.046	0.000	3.000
129.394	3000	4.900	0.000	838750.0	1470.830	0.197	0.00146	4.562 Mbps	0.961	38.536	0.000	3.000
131.600	5800	4.694	0.000	1346286.0	2206.000	0.156	0.00851	4.882 Mbps	-1.000	0.000	1.000	3.000
131.903	375	4.391	0.000	84431.0	303.000	0.054	0.00000	2.229 Mbps	0.930	35.301	0.000	-5.050
134.081	5800	4.213	0.000	1661679.0	2178.000	0.118	0.00379	6.104 Mbps	0.190	8.443	0.000	0.375
135.980	5800	4.314	0.000	1414228.0	1899.000	0.098	0.00371	5.958 Mbps	-1.000	0.000	1.000	5.800
136.245	375	4.049	0.000	102982.0	265.000	0.022	0.00000	3.109 Mbps	0.744	25.505	0.000	-5.050
138.316	5800	3.978	0.000	1624402.0	2071.000	0.127	0.00084	6.275 Mbps	0.495	11.131	0.000	0.375
140.671	5800	3.623	0.000	1586444.0	2355.000	0.229	0.00840	5.389 Mbps	0.965	32.678	0.000	5.800
143.033	5800	3.261	0.000	1507639.0	2362.000	0.203	0.00720	5.106 Mbps	0.977	40.645	0.000	5.800
145.266	5800	3.028	0.000	1511193.0	2233.000	0.074	0.00228	5.414 Mbps	0.486	14.464	0.000	5.800
147.802	5800	2.492	0.000	1696662.0	2536.000	0.205	0.00675	5.352 Mbps	0.287	11.352	0.000	5.800
150.098	5800	2.196	0.000	1656262.0	2296.000	0.092	0.00166	5.771 Mbps	0.973	38.001	0.000	5.800
152.268	5800	2.026	0.000	1660557.0	2170.000	0.129	0.00289	6.122 Mbps	0.616	15.493	0.000	5.800
154.083	5800	2.211	0.000	1321595.0	1815.000	0.073	0.00090	5.825 Mbps	0.972	37.773	0.000	5.800
156.106	5800	2.188	0.000	1429041.0	2023.000	0.363	0.01829	5.651 Mbps	0.810	18.259	0.000	5.800
158.485	5800	2.000	0.191	1725671.0	2379.000	0.291	0.02364	5.803 Mbps	0.665	12.354	0.000	3.837
160.554	5800	2.000	0.069	1361129.0	2069.000	0.259	0.00822	5.263 Mbps	0.981	40.508	0.000	5.089
162.140	4300	2.414	0.000	1072215.0	1586.000	0.333	0.01140	5.408 Mbps	0.988	46.729	0.000	2.800
163.927	4300	2.627	0.000	1241797.0	1787.000	0.111	0.00644	5.559 Mbps	0.966	42.872	0.000	4.300
165.786	4300	2.768	0.000	1133860.0	1859.490	0.194	0.00764	4.878 Mbps	0.978	41.014	0.000	4.300
167.856	4300	2.698	0.000	1335547.0	2069.415	0.249	0.00381	5.163 Mbps	0.821	16.047	0.000	4.300
170.136	4300	2.418	0.000	1225403.0	2280.063	0.297	0.00436	4.300 Mbps	-1.000	0.000	1.000	4.300
170.464	375	2.090	0.000	113972.0	328.509	0.023	0.00000	2.775 Mbps	0.838	27.433	0.000	-3.550
171.774	1750	2.780	0.000	556147.0	1309.274	0.219	0.01144	3.398 Mbps	0.802	16.996	0.000	0.375
172.749	1750	3.805	0.000	410532.0	975.140	0.352	0.02491	3.368 Mbps	-1.000	0.000	1.000	1.750
173.046	375	3.508	0.000	91958.0	297.000	0.032	0.00093	2.477 Mbps	0.712	16.810	0.000	-1.000
174.730	3000	3.824	0.000	735626.0	1683.987	0.084	0.00409	3.495 Mbps	-1.000	0.000	1.000	0.375
175.044	375	3.510	0.000	103880.0	314.000	0.051	0.00000	2.647 Mbps	0.902	32.564	0.000	-2.250
177.121	3000	3.433	0.000	916137.0	2077.580	0.339	0.01288	3.528 Mbps	0.703	14.649	0.000	0.375
179.101	3000	3.453	0.000	871106.0	1979.393	0.056	0.00104	3.521 Mbps	0.866	21.026	0.000	3.000
180.758	3000	3.796	0.000	723333.0	1657.183	0.128	0.00631	3.492 Mbps	-1.000	0.000	1.000	3.000
181.043	375	3.511	0.000	93980.0	284.918	0.215	0.03143	2.639 Mbps	-1.000	0.000	0.000	-2.250
182.083	1750	4.470	0.000	440549.0	1040.590	0.082	0.00000	3.387 Mbps	0.968	39.301	0.000	0.375
184.074	3000	4.480	0.000	876289.0	1990.694	0.185	0.01178	3.522 Mbps	0.877	26.995	0.000	1.750
186.201	3000	4.353	0.000	938913.0	2127.241	0.132	0.00433	3.531 Mbps	0.859	26.490	0.000	3.000
189.364	4300	3.189	0.000	1413974.0	3163.083	0.340	0.00644	3.576 Mbps	-1.000	0.000	1.000	3.000
189.775	375	2.778	0.000	137242.0	411.000	0.015	0.00000	2.671 Mbps	0.771	26.640	0.000	-3.550
190.811	1750	3.743	0.000	438152.0	1035.363	0.110	0.00000	3.385 Mbps	0.866	31.984	0.000	0.375
192.740	3000	3.814	0.000	847926.0	1928.850	0.080	0.00352	3.517 Mbps	0.416	10.126	0.000	1.750
194.475	3000	4.079	0.000	759141.0	1735.260	0.015	0.00000	3.500 Mbps	0.971	39.748	0.000	3.000
197.347	4300	3.207	0.000	1274531.0	2871.823	0.412	0.02146	3.550 Mbps	0.534	11.378	0.000	3.000
199.755	4300	2.799	0.000	1270342.0	2408.231	0.148	0.00888	4.220 Mbps	0.980	42.129	0.000	4.300
201.784	5800	2.770	0.000	1344964.0	2028.751	0.150	0.00977	5.304 Mbps	0.727	11.010	0.000	4.300
204.100	5800	2.454	0.000	1408894.0	2316.266	0.247	0.00510	4.866 Mbps	-1.000	0.000	1.000	5.800
204.337	375	2.217	0.000	96219.0	237.007	0.051	0.00000	3.248 Mbps	0.907	30.423	0.000	-5.050

