1.957	3000	2.000	1.957	820609.0	1956.569	0.381	0.00656	3.355 Mbps	0.946	35.041	0.000	-17.153
3.153	1750	2.803	0.000	516104.0	1196.535	0.322	0.01260	3.451 Mbps	0.585	14.171	0.000	0.500
4.908	3000	3.048	0.000	842741.0	1755.052	0.365	0.01124	3.841 Mbps	-1.000	0.000	1.000	1.750
6.457	3000	2.000	0.501	842741.0	1549.223	0.296	0.00243	4.352 Mbps	-1.000	0.000	0.000	-2.158
7.525	1750	2.933	0.000	514784.0	1067.241	0.360	0.00448	3.859 Mbps	0.909	31.905	0.000	0.500
8.910	3000	3.547	0.000	788170.0	1385.582	0.331	0.00601	4.551 Mbps	-1.000	0.000	1.000	1.750
10.147	3000	2.311	0.000	788170.0	1236.515	0.364	0.00520	5.099 Mbps	0.556	13.831	0.000	3.000
11.273	3000	3.184	0.000	757450.0	1126.470	0.262	0.01923	5.379 Mbps	-1.000	0.000	1.000	3.000
12.449	3000	2.009	0.000	757450.0	1175.381	0.318	0.00053	5.155 Mbps	0.917	32.754	0.000	3.000
13.634	3000	2.824	0.000	808014.0	1185.269	0.303	0.01433	5.454 Mbps	0.950	36.606	0.000	3.000
15.400	4300	3.058	0.000	1098985.0	1765.813	0.348	0.01398	4.979 Mbps	0.678	12.135	0.000	3.000
17.471	4300	2.986	0.000	1277041.0	2071.294	0.352	0.02045	4.932 Mbps	-1.000	0.000	1.000	4.300
19.052	3000	2.000	0.595	896417.0	1581.253	0.237	0.00453	4.535 Mbps	0.796	12.022	0.000	-4.427
19.969	1750	3.083	0.000	433095.0	917.290	0.321	0.00000	3.777 Mbps	0.922	34.227	0.000	0.500
21.545	3000	3.507	0.000	795617.0	1575.857	0.250	0.01184	4.039 Mbps	-1.000	0.000	1.000	1.750
23.302	3000	2.000	0.249	795617.0	1756.239	0.318	0.00517	3.624 Mbps	-1.000	0.000	0.000	0.431
24.178	1750	3.124	0.000	526038.0	876.292	0.407	0.00434	4.802 Mbps	0.917	29.623	0.000	0.500
25.805	4300	3.496	0.000	1074521.0	1627.605	0.201	0.00000	5.281 Mbps	0.961	34.653	0.000	1.750
27.939	5800	3.363	0.000	1606806.0	2133.349	0.186	0.00628	6.025 Mbps	0.978	36.913	0.000	4.300
29.574	5800	3.728	0.000	1318941.0	1634.751	0.272	0.00415	6.455 Mbps	0.983	38.740	0.000	5.800
31.442	5800	3.860	0.000	1720225.0	1868.218	0.219	0.00548	7.366 Mbps	0.975	42.722	0.000	5.800
32.844	5800	4.458	0.000	1401455.0	1401.894	0.249	0.00585	7.997 Mbps	0.569	13.455	0.000	5.800
34.568	5800	4.734	0.000	1415850.0	1724.386	0.321	0.00786	6.569 Mbps	0.981	43.819	0.000	5.800
36.959	5800	4.343	0.000	1651825.0	2390.847	0.233	0.00274	5.527 Mbps	0.988	46.687	0.000	5.800
39.373	5800	3.928	0.000	1553617.0	2414.528	0.258	0.00225	5.148 Mbps	0.984	43.815	0.000	5.800
42.711	5800	2.591	0.000	1549791.0	3337.546	0.360	0.00436	3.715 Mbps	-1.000	0.000	1.000	5.800
44.573	3000	2.000	1.271	827615.0	1862.016	0.193	0.00000	3.556 Mbps	0.879	33.058	0.000	-12.896
45.519	1750	3.054	0.000	453367.0	946.165	0.165	0.00000	3.833 Mbps	0.906	31.128	0.000	0.500
47.214	3000	3.359	0.000	758937.0	1694.527	0.355	0.00929	3.583 Mbps	0.966	39.774	0.000	1.750
48.961	3000	3.612	0.000	764632.0	1747.233	0.325	0.00202	3.501 Mbps	0.964	38.810	0.000	3.000
50.899	3000	3.674	0.000	862347.0	1938.332	0.344	0.00000	3.559 Mbps	0.988	46.158	0.000	3.000
52.693	3000	3.880	0.000	797470.0	1793.484	0.195	0.00516	3.557 Mbps	0.524	13.793	0.000	3.000
54.671	3000	3.902	0.000	860432.0	1977.998	0.284	0.03347	3.480 Mbps	-1.000	0.000	1.000	3.000
56.679	3000	2.000	0.106	860432.0	2008.015	0.229	0.02410	3.428 Mbps	-1.000	0.000	0.000	1.911
57.839	1750	2.840	0.000	486103.0	1159.905	0.320	0.00850	3.353 Mbps	-1.000	0.000	1.000	0.500
59.296	3000	2.000	0.618	830717.0	1457.781	0.248	0.00276	4.559 Mbps	0.976	42.048	0.000	-4.612
60.289	1750	3.008	0.000	546721.0	992.146	0.369	0.04951	4.408 Mbps	-1.000	0.000	1.000	0.500
61.799	3000	2.000	0.503	910409.0	1510.596	0.373	0.01131	4.821 Mbps	0.968	40.460	0.000	-3.428
62.359	1750	3.440	0.000	314183.0	559.925	0.357	0.02644	4.489 Mbps	-1.000	0.000	1.000	0.500
63.457	3000	2.342	0.000	557657.0	1098.079	0.264	0.00000	4.063 Mbps	0.978	38.581	0.000	1.750
64.886	3000	2.913	0.000	791967.0	1429.084	0.176	0.00520	4.433 Mbps	-1.000	0.000	1.000	3.000
66.047	3000	2.000	0.248	791967.0	1160.503	0.420	0.01152	5.459 Mbps	-1.000	0.000	0.000	0.450
67.136	3000	2.910	0.000	735345.0	1089.598	0.304	0.00315	5.399 Mbps	0.963	38.375	0.000	3.000
68.691	4300	3.356	0.000	1096651.0	1554.452	0.265	0.00056	5.644 Mbps	-1.000	0.000	1.000	3.000
69.920	3000	2.127	0.000	783613.0	1229.031	0.310	0.00048	5.101 Mbps	0.982	41.881	0.000	1.700
71.238	3000	2.809	0.000	847207.0	1318.147	0.368	0.01545	5.142 Mbps	0.970	40.272	0.000	3.000
72.746	4300	3.301	0.000	1143546.0	1507.796	0.386	0.00602	6.067 Mbps	0.796	16.890	0.000	3.000
74.853	5800	3.194	0.000	1506634.0	2107.345	0.280	0.00151	5.720 Mbps	0.900	31.019	0.000	4.300
76.642	5800	3.405	0.000	1563987.0	1789.046	0.215	0.00570	6.994 Mbps	0.914	32.508	0.000	5.800
78.640	5800	3.406	0.000	1695101.0	1998.170	0.313	0.01072	6.787 Mbps	-1.000	0.000	1.000	5.800
79.801	3000	2.246	0.000	887327.0	1160.897	0.253	0.02288	6.115 Mbps	-1.000	0.000	0.000	0.200
81.213	4300	2.834	0.000	1242112.0	1411.756	0.227	0.00016	7.039 Mbps	-1.000	0.000	1.000	3.000
82.167	3000	2.000	0.120	852988.0	953.751	0.277	0.00376	7.155 Mbps	0.857	30.490	0.000	0.464
83.247	4300	2.920	0.000	917996.0	1080.233	0.201	0.00776	6.799 Mbps	-1.000	0.000	1.000	3.000
83.990	3000	2.177	0.000	640974.0	742.691	0.411	0.00689	6.904 Mbps	0.876	31.729	0.000	1.700
85.258	4300	2.909	0.000	1245214.0	1268.415	0.265	0.00000	7.854 Mbps	0.941	37.246	0.000	3.000
86.905	5800	3.262	0.000	1636097.0	1646.439	0.257	0.01082	7.950 Mbps	-1.000	0.000	1.000	4.300
87.692	3000	2.475	0.000	849431.0	787.049	0.321	0.01292	8.634 Mbps	0.560	16.479	0.000	0.200
89.124	5800	3.043	0.000	1520273.0	1432.547	0.250	0.00361	8.490 Mbps	-1.000	0.000	1.000	3.000
89.889	3000	2.278	0.000	822645.0	764.753	0.333	0.00000	8.606 Mbps	0.902	30.836	0.000	0.200
91.208	5800	2.959	0.000	1488333.0	1318.858	0.250	0.00000	9.028 Mbps	0.918	30.585	0.000	3.000
92.593	5800	3.574	0.000	1567569.0	1384.813	0.233	0.00466	9.056 Mbps	0.910	29.449	0.000	5.800
93.822	5800	4.345	0.000	1381102.0	1229.601	0.320	0.00384	8.986 Mbps	0.977	39.181	0.000	5.800
95.291	5800	4.876	0.000	1668337.0	1468.690	0.294	0.00101	9.087 Mbps	0.983	41.109	0.000	5.800
96.714	5800	5.453	0.000	1613698.0	1423.210	0.308	0.00255	9.071 Mbps	0.420	10.233	0.000	5.800
98.502	5800	5.665	0.000	1677909.0	1787.774	0.370	0.01071	7.508 Mbps	-1.000	0.000	1.000	5.800
99.640	3000	4.527	0.000	929254.0	1138.140	0.233	0.00000	6.532 Mbps	0.941	33.588	0.000	0.200
101.334	5800	4.833	0.000	1269746.0	1694.120	0.227	0.00287	5.996 Mbps	0.983	41.297	0.000	3.000
103.073	5800	5.094	0.000	1150360.0	1738.477	0.322	0.00090	5.294 Mbps	0.997	46.908	0.000	5.800
105.871	5800	4.296	0.000	1260920.0	2798.421	0.299	0.00996	3.605 Mbps	0.412	5.981	0.000	5.800
108.219	4300	3.948	0.000	1040117.0	2347.911	0.243	0.00012	3.544 Mbps	0.828	13.998	0.000	2.800
110.439	4300	3.728	0.000	981366.0	2219.808	0.287	0.00451	3.537 Mbps	0.478	5.232	0.000	4.300
111.496	3000	4.671	0.000	448072.0	1056.993	0.389	0.00000	3.391 Mbps	0.931	26.076	0.000	1.700
113.831	4300	4.336	0.000	1014684.0	2335.457	0.370	0.00012	3.476 Mbps	0.985	43.390	0.000	3.000
116.417	4300	3.750	0.000	1149216.0	2585.794	0.274	0.00000	3.555 Mbps	0.988	44.796	0.000	4.300
118.247	3000	3.920	0.000	802430.0	1829.649	0.248	0.00344	3.509 Mbps	0.979	38.048	0.000	1.700
120.973	4300	3.193	0.000	1175261.0	2726.814	0.336	0.01018	3.448 Mbps	0.496	9.098	0.000	3.000
122.681	3000	3.486	0.000	708448.0	1707.841	0.320	0.01226	3.319 Mbps	-1.000	0.000	1.000	1.700
124.251	3000	2.000	0.084	708448.0	1569.464	0.418	0.00000	3.611 Mbps	0.203	8.026	0.000	2.135
125.381	1750	2.869	0.000	394858.0	1130.760	0.337	0.00784	2.794 Mbps	0.919	34.838	0.000	0.500
126.533	1750	3.718	0.000	578592.0	1151.471	0.407	0.00000	4.020 Mbps	0.957	37.703	0.000	1.750
128.082	3000	4.169	0.000	847039.0	1549.238	0.186	0.00166	4.374 Mbps	0.723	16.575	0.000	1.750
130.114	4300	4.136	0.000	1215517.0	2032.205	0.223	0.00215	4.785 Mbps	0.978	41.781	0.000	3.000
132.053	5800	4.198	0.000	1346286.0	1938.577	0.250	0.00487	5.556 Mbps	0.985	45.283	0.000	4.300
134.182	5800	4.069	0.000	1661679.0	2128.853	0.271	0.00444	6.244 Mbps	0.209	5.988	0.000	5.800
135.747	5800	4.504	0.000	1414228.0	1564.836	0.258	0.00261	7.230 Mbps	0.973	37.630	0.000	5.800
137.571	5800	4.680	0.000	1624402.0	1824.150	0.340	0.01098	7.124 Mbps	0.973	37.644	0.000	5.800
139.086	5800	5.165	0.000	1586444.0	1515.049	0.231	0.00417	8.377 Mbps	0.973	38.895	0.000	5.800
140.542	5800	5.708	0.000	1507639.0	1456.600	0.276	0.00425	8.280 Mbps	0.977	40.645	0.000	5.800
141.880	5800	6.370	0.000	1511193.0	1337.887	0.289	0.00605	9.036 Mbps	-1.000	0.000	1.000	5.800
142.783	3000	5.468	0.000	863101.0	902.772	0.256	0.00315	7.648 Mbps	0.902	30.079	0.000	0.200
144.275	5800	5.975	0.000	1696662.0	1492.267	0.247	0.00619	9.096 Mbps	0.976	38.592	0.000	3.000
145.734	5800	6.517	0.000	1656262.0	1458.639	0.316	0.00069	9.084 Mbps	0.535	14.821	0.000	5.800
147.196	5800	7.054	0.000	1660557.0	1462.214	0.316	0.00576	9.085 Mbps	0.345	12.560	0.000	5.800
148.376	5800	7.874	0.000	1321595.0	1180.069	0.226	0.02386	8.959 Mbps	0.308	11.696	0.000	5.800
149.646	5800	8.605	0.000	1429041.0	1269.505	0.310	0.00411	9.005 Mbps	0.980	40.048	0.000	5.800
151.162	5800	9.088	0.000	1725671.0	1516.414	0.402	0.00152	9.104 Mbps	0.969	42.610	0.000	5.800
152.395	5800	9.856	0.000	1361129.0	1232.910	0.260	0.01095	8.832 Mbps	0.377	12.514	0.000	5.800
153.970	5800	10.281	0.000	1470555.0	1574.692	0.285	0.00259	7.471 Mbps	0.994	49.216	0.000	5.800
155.909	5800	10.342	0.000	1707106.0	1939.272	0.256	0.00000	7.042 Mbps	0.978	44.779	0.000	5.800
157.638	5800	10.613	0.000	1521547.0	1728.606	0.250	0.00355	7.042 Mbps	0.786	14.639	0.000	5.800
160.080	5800	10.170	0.000	1813174.0	2442.582	0.301	0.00616	5.939 Mbps	0.564	10.995	0.000	5.800
162.295	5800	9.956	0.000	1624071.0	2214.306	0.250	0.00197	5.868 Mbps	0.980	42.506	0.000	5.800
164.884	5800	9.367	0.000	1846028.0	2588.998	0.261	0.00695	5.704 Mbps	0.984	43.654	0.000	5.800
166.897	5800	9.354	0.000	1352433.0	2013.166	0.250	0.00807	5.374 Mbps	0.417	8.376	0.000	5.800
169.006	5800	9.244	0.000	1372156.0	2109.594	0.303	0.00535	5.203 Mbps	0.833	19.631	0.000	5.800
172.514	5800	7.737	0.000	1713934.0	3507.610	0.277	0.00971	3.909 Mbps	0.711	14.543	0.000	5.800
176.343	5800	5.908	0.000	1719241.0	3828.698	0.253	0.00552	3.592 Mbps	0.775	15.884	0.000	5.800
179.526	5800	4.724	0.000	1423400.0	3183.635	0.414	0.00756	3.577 Mbps	-1.000	0.000	1.000	5.800
181.183	3000	3.067	0.000	723333.0	1657.183	0.330	0.00729	3.492 Mbps	0.811	16.741	0.000	0.200
182.927	3000	3.324	0.000	762832.0	1743.308	0.269	0.00482	3.501 Mbps	0.976	41.597	0.000	3.000
184.917	3000	3.333	0.000	876289.0	1990.694	0.299	0.00286	3.522 Mbps	0.468	11.370	0.000	3.000
187.045	3000	3.206	0.000	938913.0	2127.241	0.285	0.00000	3.531 Mbps	0.859	26.490	0.000	3.000
189.270	3000	2.981	0.000	983771.0	2225.052	0.347	0.00837	3.537 Mbps	0.527	9.064	0.000	3.000
190.996	3000	3.255	0.000	755059.0	1726.359	0.223	0.00000	3.499 Mbps	0.926	34.966	0.000	3.000
192.925	3000	3.326	0.000	847926.0	1928.850	0.388	0.00073	3.517 Mbps	0.321	10.751	0.000	3.000
194.660	3000	3.590	0.000	759141.0	1735.260	0.184	0.00276	3.500 Mbps	0.971	39.748	0.000	3.000
196.784	3000	3.467	0.000	933202.0	2123.899	0.299	0.00000	3.515 Mbps	0.974	39.226	0.000	3.000
198.607	3000	3.644	0.000	849525.0	1822.885	0.277	0.00710	3.728 Mbps	-1.000	0.000	1.000	3.000
200.010	3000	2.241	0.000	849525.0	1403.062	0.335	0.00269	4.844 Mbps	0.970	38.554	0.000	3.000
201.036	3000	3.215	0.000	730514.0	1025.396	0.307	0.00755	5.699 Mbps	-1.000	0.000	1.000	3.000
202.361	3000	2.000	0.111	730514.0	1325.762	0.349	0.00798	4.408 Mbps	-1.000	0.000	0.000	1.862
203.624	3000	2.738	0.000	706129.0	1262.425	0.239	0.01354	4.475 Mbps	0.974	38.155	0.000	3.000

