1.050	1050	2.000	1.050	301399.0	1050.000	0.189	0.00415	2.296 Mbps	-1.000	0.000	1.000	-9.765
1.369	375	2.000	0.319	108654.0	319.308	0.305	0.00000	2.722 Mbps	0.770	26.596	0.000	-3.589
3.355	3000	2.014	0.000	890957.0	1985.643	0.210	0.00135	3.590 Mbps	0.760	16.539	0.000	0.375
5.017	3000	2.352	0.000	842741.0	1662.218	0.187	0.00141	4.056 Mbps	0.943	34.434	0.000	3.000
6.617	3000	2.752	0.000	871216.0	1600.068	0.197	0.00050	4.356 Mbps	0.943	34.723	0.000	3.000
8.162	3000	3.207	0.000	788170.0	1544.653	0.170	0.00047	4.082 Mbps	0.941	34.444	0.000	3.000
9.887	4300	3.482	0.000	1054838.0	1725.267	0.234	0.00099	4.891 Mbps	0.496	11.768	0.000	3.000
11.461	4300	3.908	0.000	1132110.0	1574.000	0.241	0.00185	5.754 Mbps	0.962	38.371	0.000	4.300
13.664	5800	3.705	0.000	1495913.0	2202.751	0.217	0.00092	5.433 Mbps	0.973	40.353	0.000	4.300
16.494	5800	2.875	0.000	1737905.0	2829.971	0.161	0.00088	4.913 Mbps	0.977	41.776	0.000	5.800
19.092	5800	2.277	0.000	1444726.0	2598.097	0.207	0.00291	4.449 Mbps	0.801	12.811	0.000	5.800
21.285	4300	2.084	0.000	1114493.0	2193.183	0.209	0.00146	4.065 Mbps	0.992	43.768	0.000	2.800
23.166	3000	2.204	0.000	879925.0	1880.366	0.175	0.00140	3.744 Mbps	0.684	8.998	0.000	1.700
24.849	4300	2.520	0.000	1074521.0	1683.355	0.190	0.00182	5.107 Mbps	0.493	5.976	0.000	3.000
26.426	4300	2.943	0.000	1178712.0	1577.000	0.204	0.00050	5.980 Mbps	0.965	34.528	0.000	4.300
28.260	5800	3.109	0.000	1318941.0	1834.519	0.206	0.00137	5.752 Mbps	0.983	38.740	0.000	4.300
30.190	5800	3.179	0.000	1720225.0	1929.884	0.200	0.00189	7.131 Mbps	0.975	42.722	0.000	5.800
31.714	5800	3.655	0.000	1401455.0	1524.000	0.177	0.00220	7.357 Mbps	0.976	42.004	0.000	5.800
33.251	5800	4.118	0.000	1415850.0	1537.000	0.230	0.00048	7.369 Mbps	0.981	43.819	0.000	5.800
35.311	5800	4.058	0.000	1651825.0	2060.099	0.226	0.00188	6.415 Mbps	0.594	13.306	0.000	5.800
37.627	5800	3.742	0.000	1553617.0	2315.981	0.195	0.00150	5.367 Mbps	0.984	43.815	0.000	5.800
40.074	5800	3.295	0.000	1549791.0	2446.799	0.228	0.00325	5.067 Mbps	0.726	14.755	0.000	5.800
43.605	5800	2.000	0.235	1588614.0	3530.514	0.205	0.00196	3.600 Mbps	0.967	37.452	0.000	3.376
45.282	3000	2.323	0.000	758937.0	1677.287	0.180	0.00046	3.620 Mbps	0.966	39.774	0.000	0.200
47.000	3000	2.605	0.000	764632.0	1717.697	0.212	0.00150	3.561 Mbps	0.964	38.810	0.000	3.000
48.960	3000	2.645	0.000	862347.0	1960.294	0.203	0.00151	3.519 Mbps	0.988	46.158	0.000	3.000
50.746	3000	2.859	0.000	797470.0	1785.859	0.236	0.00102	3.572 Mbps	0.963	37.683	0.000	3.000
52.743	3000	2.862	0.000	860432.0	1997.347	0.222	0.00092	3.446 Mbps	0.972	38.839	0.000	3.000
54.556	3000	3.049	0.000	830717.0	1812.501	0.213	0.00087	3.667 Mbps	0.976	42.048	0.000	3.000
56.658	3000	2.946	0.000	910409.0	2102.705	0.240	0.00240	3.464 Mbps	0.694	12.711	0.000	3.000
58.006	3000	3.598	0.000	557657.0	1348.000	0.196	0.00162	3.310 Mbps	0.777	13.981	0.000	3.000
60.038	4300	3.566	0.000	1186224.0	2032.123	0.237	0.00233	4.670 Mbps	0.653	11.971	0.000	3.000
61.775	4300	3.829	0.000	1040422.0	1736.850	0.182	0.00000	4.792 Mbps	0.974	40.293	0.000	4.300
63.765	4300	3.840	0.000	1096651.0	1989.610	0.194	0.00099	4.410 Mbps	0.989	44.828	0.000	4.300
65.726	4300	3.879	0.000	1289005.0	1960.763	0.216	0.00242	5.259 Mbps	0.767	15.204	0.000	4.300
67.953	5800	3.651	0.000	1552646.0	2227.740	0.207	0.00136	5.576 Mbps	0.978	40.686	0.000	4.300
70.166	5800	3.438	0.000	1506634.0	2212.758	0.241	0.00096	5.447 Mbps	0.900	31.019	0.000	5.800
72.093	5800	3.512	0.000	1563987.0	1926.764	0.182	0.00141	6.494 Mbps	-1.000	0.000	1.000	5.800
72.306	375	3.299	0.000	103641.0	212.996	0.274	0.01655	3.893 Mbps	-1.000	0.000	0.000	-5.050
74.430	5800	3.175	0.000	1695101.0	2123.539	0.205	0.00098	6.386 Mbps	0.922	34.371	0.000	0.375
76.356	5800	3.249	0.000	1663740.0	1926.225	0.217	0.00279	6.910 Mbps	0.918	33.606	0.000	5.800
77.908	5800	3.697	0.000	1227176.0	1552.000	0.190	0.00000	6.326 Mbps	0.933	35.716	0.000	5.800
79.921	5800	3.684	0.000	1698056.0	2013.412	0.187	0.00089	6.747 Mbps	0.958	39.106	0.000	5.800
81.751	5800	3.853	0.000	1636097.0	1830.331	0.206	0.00233	7.151 Mbps	0.958	37.997	0.000	5.800
83.406	5800	4.198	0.000	1520273.0	1655.000	0.232	0.00184	7.349 Mbps	0.767	19.232	0.000	5.800
84.984	5800	4.620	0.000	1488333.0	1578.000	0.214	0.00144	7.545 Mbps	0.918	30.585	0.000	5.800
86.597	5800	5.007	0.000	1567569.0	1613.000	0.219	0.00210	7.775 Mbps	0.910	29.449	0.000	5.800
88.194	5800	5.410	0.000	1381102.0	1597.000	0.222	0.00050	6.918 Mbps	0.977	39.181	0.000	5.800
89.794	5800	5.810	0.000	1668337.0	1600.000	0.170	0.00136	8.342 Mbps	0.983	41.109	0.000	5.800
91.420	5800	6.184	0.000	1613698.0	1626.000	0.192	0.00340	7.939 Mbps	0.672	16.340	0.000	5.800
93.064	5800	6.540	0.000	1677909.0	1644.000	0.199	0.00195	8.165 Mbps	0.985	41.871	0.000	5.800
94.558	5800	7.046	0.000	1269746.0	1494.000	0.216	0.00240	6.799 Mbps	0.641	12.554	0.000	5.800
96.072	5800	7.532	0.000	1150360.0	1514.000	0.195	0.00048	6.079 Mbps	0.997	46.908	0.000	5.800
97.638	5800	7.966	0.000	1260920.0	1566.000	0.208	0.00000	6.441 Mbps	0.994	43.945	0.000	5.800
99.192	5800	8.413	0.000	1273130.0	1553.103	0.197	0.00000	6.558 Mbps	0.998	48.983	0.000	5.800
100.717	5800	8.888	0.000	1135942.0	1525.371	0.189	0.00145	5.958 Mbps	0.747	12.352	0.000	5.800
102.184	5800	9.421	0.000	761002.0	1467.000	0.221	0.00152	4.150 Mbps	-1.000	0.000	1.000	5.800
102.408	375	9.196	0.000	71062.0	224.412	0.471	0.18679	2.533 Mbps	-1.000	0.000	0.000	-5.050
105.366	5800	8.238	0.000	1341515.0	2958.109	0.191	0.00142	3.628 Mbps	0.481	9.244	0.000	0.375
108.776	5800	6.829	0.000	1527061.0	3409.662	0.219	0.00144	3.583 Mbps	0.991	46.438	0.000	5.800
112.418	5800	5.187	0.000	1618765.0	3641.878	0.173	0.00048	3.556 Mbps	0.992	46.885	0.000	5.800
115.905	5800	3.700	0.000	1562534.0	3487.008	0.190	0.00232	3.585 Mbps	0.667	13.169	0.000	5.800
119.004	5800	2.600	0.000	1382285.0	3099.399	0.142	0.00000	3.568 Mbps	0.993	47.665	0.000	5.800
121.511	4300	2.094	0.000	1035586.0	2506.264	0.174	0.00135	3.306 Mbps	0.967	40.366	0.000	2.800
123.697	3000	2.000	0.093	970403.0	2186.713	0.217	0.00000	3.550 Mbps	0.973	40.998	0.000	0.745
125.694	3000	2.004	0.000	847039.0	1996.172	0.194	0.00045	3.395 Mbps	0.954	40.046	0.000	3.000
127.259	3000	2.439	0.000	838750.0	1565.188	0.186	0.00189	4.287 Mbps	0.521	11.257	0.000	3.000
128.945	4300	2.753	0.000	964253.0	1685.980	0.187	0.00127	4.575 Mbps	0.980	43.703	0.000	3.000
130.672	4300	3.025	0.000	1232752.0	1727.363	0.182	0.00000	5.709 Mbps	0.908	29.432	0.000	4.300
132.492	5800	3.206	0.000	1414228.0	1819.664	0.190	0.00098	6.218 Mbps	0.973	37.630	0.000	4.300
134.433	5800	3.264	0.000	1624402.0	1941.261	0.202	0.00139	6.694 Mbps	0.285	9.862	0.000	5.800
136.207	5800	3.490	0.000	1586444.0	1774.329	0.169	0.00246	7.153 Mbps	0.973	38.895	0.000	5.800
137.903	5800	3.794	0.000	1507639.0	1696.000	0.207	0.00096	7.112 Mbps	0.977	40.645	0.000	5.800
139.482	5800	4.215	0.000	1511193.0	1579.000	0.192	0.00090	7.656 Mbps	0.972	37.700	0.000	5.800
141.121	5800	4.576	0.000	1696662.0	1639.000	0.205	0.00300	8.281 Mbps	0.333	13.004	0.000	5.800
142.710	5800	4.987	0.000	1656262.0	1589.000	0.154	0.00046	8.339 Mbps	0.973	38.001	0.000	5.800
144.341	5800	5.356	0.000	1660557.0	1631.000	0.199	0.00244	8.145 Mbps	0.971	37.667	0.000	5.800
145.881	5800	5.816	0.000	1321595.0	1540.000	0.203	0.00049	6.865 Mbps	0.972	37.773	0.000	5.800
147.468	5800	6.229	0.000	1429041.0	1587.000	0.221	0.00343	7.204 Mbps	0.980	40.048	0.000	5.800
149.137	5800	6.560	0.000	1725671.0	1669.000	0.184	0.00093	8.272 Mbps	0.969	42.610	0.000	5.800
150.610	5800	7.087	0.000	1361129.0	1473.000	0.190	0.00000	7.392 Mbps	0.981	40.508	0.000	5.800
152.164	5800	7.533	0.000	1470555.0	1554.000	0.177	0.00047	7.570 Mbps	0.994	49.216	0.000	5.800
154.096	5800	7.601	0.000	1707106.0	1931.718	0.161	0.00000	7.070 Mbps	0.978	44.779	0.000	5.800
155.899	5800	7.799	0.000	1521547.0	1802.672	0.183	0.00095	6.752 Mbps	0.987	44.221	0.000	5.800
158.222	5800	7.475	0.000	1813174.0	2323.293	0.233	0.00219	6.243 Mbps	0.979	41.675	0.000	5.800
160.457	5800	7.240	0.000	1624071.0	2234.880	0.210	0.00335	5.814 Mbps	0.980	42.506	0.000	5.800
162.897	5800	6.801	0.000	1846028.0	2439.688	0.191	0.00091	6.053 Mbps	0.984	43.654	0.000	5.800
164.804	5800	6.893	0.000	1352433.0	1907.586	0.225	0.00140	5.672 Mbps	0.983	42.184	0.000	5.800
166.906	5800	6.791	0.000	1372156.0	2101.795	0.219	0.00139	5.223 Mbps	0.990	46.743	0.000	5.800
170.019	5800	5.678	0.000	1713934.0	3113.495	0.189	0.00000	4.404 Mbps	0.986	45.814	0.000	5.800
173.880	5800	3.818	0.000	1719241.0	3860.025	0.200	0.00094	3.563 Mbps	0.985	45.350	0.000	5.800
177.063	5800	2.634	0.000	1423400.0	3183.635	0.213	0.00146	3.577 Mbps	0.858	18.515	0.000	5.800
179.473	4300	2.224	0.000	1068507.0	2409.813	0.233	0.00191	3.547 Mbps	0.742	12.456	0.000	2.800
181.464	3000	2.234	0.000	876289.0	1990.694	0.188	0.00044	3.522 Mbps	0.877	26.995	0.000	1.700
183.591	3000	2.107	0.000	938913.0	2127.241	0.187	0.00140	3.531 Mbps	0.859	26.490	0.000	3.000
185.816	3000	2.000	0.119	983771.0	2225.052	0.185	0.00046	3.537 Mbps	0.938	32.875	0.000	1.779
187.542	3000	2.274	0.000	755059.0	1726.359	0.212	0.00186	3.499 Mbps	0.736	16.370	0.000	3.000
189.471	3000	2.345	0.000	847926.0	1928.850	0.228	0.00141	3.517 Mbps	0.939	36.010	0.000	3.000
191.206	3000	2.610	0.000	759141.0	1735.260	0.199	0.00098	3.500 Mbps	0.971	39.748	0.000	3.000
193.321	3000	2.495	0.000	933202.0	2114.789	0.177	0.00050	3.530 Mbps	0.767	15.806	0.000	3.000
195.245	3000	2.571	0.000	849525.0	1923.928	0.213	0.00148	3.532 Mbps	0.970	38.554	0.000	3.000
197.332	4300	2.483	0.000	1011917.0	2087.366	0.197	0.00144	3.878 Mbps	0.986	43.975	0.000	3.000
198.990	4300	2.826	0.000	1035382.0	1657.622	0.215	0.00291	4.997 Mbps	-1.000	0.000	1.000	4.300
199.209	375	2.607	0.000	96219.0	218.503	0.205	0.00000	3.523 Mbps	0.907	30.423	0.000	-3.550

