1.188	3000	2.0	1.188	820609.0	1188.0	0.286101083032491	0.011453079359353845	5.5 Mbps	-9.2364
2.291	3000	2.897	0.0	890957.0	1103.0	0.08699902248289346	0.002565219196886045	6.5 Mbps	3.0
3.791	4300	3.397	0.0	1196861.0	1500.0	0.07887323943661972	0.010002936848974108	6.4 Mbps	3.0
5.569	4300	3.619	0.0	1241725.0	1778.0	0.3404004711425206	0.01224687430791842	5.6 Mbps	4.3
7.407	4300	3.781	0.0	1145415.0	1838.0	0.4397042093287827	0.015124212621626222	5.0 Mbps	4.3
8.842	4300	4.346	0.0	1054838.0	1435.0	0.07011070110701106	0.002992284123249257	5.9 Mbps	4.3
11.325	7000	3.863	0.0	1849321.0	2483.0	0.21348314606741572	0.010588818815121874	6.0 Mbps	4.3
13.005	4300	4.183	0.0	1098985.0	1680.0	0.299375	0.014704136089209589	5.2 Mbps	1.5999999999999996
14.834	4300	4.354	0.0	1277041.0	1829.0	0.4173813607775872	0.02443607918618118	5.6 Mbps	4.3
17.12	7000	4.068	0.0	1748998.0	2286.0	0.13961922030825022	0.0011405101663924143	6.1 Mbps	4.3
19.696	7000	3.492	0.0	1749810.0	2576.0	0.19751602564102563	0.005686403095193192	5.4 Mbps	7.0
21.401	4300	3.787	0.0	1262526.0	1705.0	0.2529230769230769	0.002385297411696868	5.9 Mbps	1.5999999999999996
23.071	4300	4.117	0.0	1074521.0	1670.0	0.23962264150943396	0.013258000541636693	5.1 Mbps	4.3
24.602	4300	4.586	0.0	1178712.0	1531.0	0.05099931082012405	0.00185891464581679	6.2 Mbps	4.3
26.719	7000	4.469	0.0	1596923.0	2117.0	0.12616593028964163	0.0013526794967572012	6.0 Mbps	4.3
29.471	7000	3.717	0.0	2087258.0	2752.0	0.08420658682634731	0.002146236833204137	6.1 Mbps	7.0
31.091	4300	4.097	0.0	1042127.0	1620.0	0.09610389610389611	0.0011601273165362763	5.1 Mbps	1.5999999999999996
32.787	4300	4.401	0.0	1041432.0	1696.0	0.1751237623762376	0.008375246775593606	4.9 Mbps	4.3
35.463	7000	3.725	0.0	1979755.0	2676.0	0.06510015408320494	0.0	5.9 Mbps	4.3
37.458	4300	3.73	0.0	1221449.0	1995.0	0.2	0.008946443936668661	4.9 Mbps	1.5999999999999996
38.861	4300	4.327	0.0	1135787.0	1403.0	0.21693121693121692	0.006030069898669381	6.5 Mbps	4.3
41.41	7000	3.778	0.0	1921648.0	2549.0	0.22235722964763063	0.009173441233774343	6.0 Mbps	4.3
43.027	4300	4.161	0.0	1082639.0	1617.0	0.35328562134027325	0.0027294416698456273	5.4 Mbps	1.5999999999999996
45.239	7000	3.949	0.0	1732348.0	2212.0	0.17870544090056284	0.004522186073467918	6.3 Mbps	4.3
46.973	4300	4.215	0.0	1257347.0	1734.0	0.28174123337363965	0.015191808625622043	5.8 Mbps	1.5999999999999996
49.307	7000	3.881	0.0	1893197.0	2334.0	0.05989352262644188	7.216628803024725e-05	6.5 Mbps	4.3
50.989	4300	4.199	0.0	1244540.0	1682.0	0.028089887640449437	0.0012186229450238642	5.9 Mbps	1.5999999999999996
53.2	7000	3.988	0.0	1930364.0	2211.0	0.1633036133270765	0.005792042329840382	7.0 Mbps	4.3
56.135	7000	3.053	0.0	2143311.0	2935.0	0.08476357267950964	0.002698978356384118	5.8 Mbps	7.0
57.252	4300	3.936	0.0	786688.0	1117.0	0.10221793635486982	0.0	5.6 Mbps	1.5999999999999996
60.488	7000	2.7	0.0	2038748.0	3236.0	0.20373891001267427	0.002407359811021274	5.0 Mbps	4.3
61.734	4300	3.454	0.0	1040422.0	1246.0	0.1183533447684391	0.008585218305649053	6.7 Mbps	1.5999999999999996
63.569	4300	3.619	0.0	1096651.0	1835.0	0.07179487179487179	0.0	4.8 Mbps	4.3
65.423	4300	3.765	0.0	1289005.0	1854.0	0.08793686583990981	0.00175561770512915	5.6 Mbps	4.3
67.145	4300	4.043	0.0	1143546.0	1722.0	0.0907429963459196	0.002384250393075574	5.3 Mbps	4.3
68.951	4300	4.237	0.0	1111651.0	1806.0	0.3626882966396292	0.02590010264012716	4.9 Mbps	4.3
70.587	4300	4.601	0.0	1153282.0	1636.0	0.20629820051413883	0.005637172868387784	5.6 Mbps	4.3
73.36	7000	3.828	0.0	2051679.0	2773.0	0.14073523950984032	0.008131388974591055	5.9 Mbps	4.3
75.198	4300	3.99	0.0	1242112.0	1838.0	0.12514220705346984	0.0025602562409830997	5.4 Mbps	1.5999999999999996
76.729	4300	4.459	0.0	917996.0	1531.0	0.48035837353549277	0.01884757667789402	4.8 Mbps	4.3
79.889	7000	3.299	0.0	2068777.0	3160.0	0.18506493506493507	0.00519775693561945	5.2 Mbps	4.3
81.743	4300	3.445	0.0	1223294.0	1854.0	0.12232243517474634	0.0042234327970218115	5.3 Mbps	1.5999999999999996
83.101	4300	4.087	0.0	1125330.0	1358.0	0.08998435054773082	0.0023270951631965734	6.6 Mbps	4.3
84.66	4300	4.528	0.0	1095428.0	1559.0	0.3522650439486139	0.021457024103820607	5.6 Mbps	4.3
87.073	7000	4.115	0.0	1890400.0	2413.0	0.13116159451350193	0.00295942657638595	6.3 Mbps	4.3
89.352	7000	3.836	0.0	1689007.0	2279.0	0.09822646657571624	0.002610113516403425	5.9 Mbps	7.0
91.05	4300	4.138	0.0	1241770.0	1698.0	0.05253399258343634	0.0008366082285769506	5.9 Mbps	1.5999999999999996
93.807	7000	3.381	0.0	1965965.0	2757.0	0.1516623085543519	0.00384563051732864	5.7 Mbps	4.3
95.571	4300	3.617	0.0	1248944.0	1764.0	0.07482185273159145	0.0034719330890736495	5.7 Mbps	1.5999999999999996
96.997	4300	4.191	0.0	933210.0	1426.0	0.11738484398216939	0.004538501516271793	5.2 Mbps	4.3
99.124	7000	4.064	0.0	1334755.0	2127.0	0.2618466047874939	0.0049518450951672776	5.0 Mbps	4.3
100.562	4300	4.626	0.0	1023670.0	1438.0	0.07731958762886598	0.0017907382261861734	5.7 Mbps	1.5999999999999996
102.494	7000	4.694	0.0	1380810.0	1932.0	0.1695464362850972	0.004239450032951673	5.7 Mbps	4.3
104.173	7000	5.015	0.0	1210342.0	1679.0	0.06629143214509069	0.0017268879374589992	5.8 Mbps	7.0
105.581	7000	5.607	0.0	873314.0	1408.0	0.3667168674698795	0.015923825794616826	5.0 Mbps	7.0
108.063	7000	5.125	0.0	1608941.0	2482.0	0.19608659450457952	0.00784017251098704	5.2 Mbps	7.0
110.566	7000	4.622	0.0	1873156.0	2503.0	0.1692117210070161	0.00527331946725206	6.0 Mbps	7.0
113.313	7000	3.875	0.0	1962871.0	2747.0	0.18485189351331083	0.0030774437036361533	5.7 Mbps	7.0
115.101	4300	4.087	0.0	1175261.0	1788.0	0.27985948477751754	0.009475448432305675	5.3 Mbps	1.5999999999999996
116.479	4300	4.709	0.0	1037435.0	1378.0	0.1386748844375963	0.008643192103601672	6.0 Mbps	4.3
119.085	7000	4.103	0.0	1796193.0	2606.0	0.04829770387965162	0.0014587797636445526	5.5 Mbps	4.3
120.998	4300	4.19	0.0	1240704.0	1913.0	0.1412984178941626	0.006710907678221397	5.2 Mbps	1.5999999999999996
122.79	4300	4.398	0.0	1263953.0	1792.0	0.1466121495327103	0.003972457836644242	5.6 Mbps	4.3
125.352	7000	3.836	0.0	1887642.0	2562.0	0.13900080580177276	0.0019989886853545324	5.9 Mbps	4.3
126.669	4300	4.519	0.0	964253.0	1317.0	0.11479385610347616	0.005834827581557952	5.9 Mbps	1.5999999999999996
129.413	7000	3.775	0.0	2001820.0	2744.0	0.1906906906906907	0.007963690541607138	5.8 Mbps	4.3
130.826	4300	4.362	0.0	1050968.0	1413.0	0.2108027006751688	0.010640904385290513	6.0 Mbps	1.5999999999999996
133.261	7000	3.927	0.0	1944559.0	2435.0	0.23694267515923567	0.014227583220668543	6.4 Mbps	4.3
135.751	7000	3.437	0.0	1902768.0	2490.0	0.07551867219917012	0.0003602646250094599	6.1 Mbps	7.0
137.381	4300	3.807	0.0	1128999.0	1630.0	0.27161290322580645	0.004448631043960181	5.5 Mbps	1.5999999999999996
139.125	4300	4.063	0.0	1141084.0	1744.0	0.2091346153846154	0.012920280189714342	5.2 Mbps	4.3
141.842	7000	3.346	0.0	2036753.0	2717.0	0.11338642396662875	0.003935491932502371	6.0 Mbps	4.3
143.644	4300	3.544	0.0	1259182.0	1802.0	0.17305458768873402	0.0037427075672936874	5.6 Mbps	1.5999999999999996
145.227	4300	3.961	0.0	1251521.0	1583.0	0.09314703925482369	0.003574450608499578	6.3 Mbps	4.3
146.577	4300	4.611	0.0	980361.0	1350.0	0.1094488188976378	0.0069380054898144665	5.8 Mbps	4.3
148.98	7000	4.208	0.0	1755985.0	2403.0	0.21739130434782608	0.0052512549936360505	5.8 Mbps	4.3
151.931	7000	3.257	0.0	2069187.0	2951.0	0.1619644723092999	0.007236175367426917	5.6 Mbps	7.0
153.202	4300	3.986	0.0	1030528.0	1271.0	0.13014273719563393	0.007638074850950192	6.5 Mbps	1.5999999999999996
155.755	7000	3.433	0.0	1784680.0	2553.0	0.15527699150828952	0.0017456210637201066	5.6 Mbps	4.3
157.536	4300	3.652	0.0	1241797.0	1781.0	0.03997648442092887	0.0009403710912492139	5.6 Mbps	1.5999999999999996
158.994	4300	4.194	0.0	1133860.0	1458.0	0.023222060957910014	0.0	6.2 Mbps	4.3
161.934	7000	3.254	0.0	2158562.0	2940.0	0.11923076923076924	0.006730406631822482	5.9 Mbps	4.3
163.586	4300	3.602	0.0	1225403.0	1652.0	0.14821882951653945	0.006404117665780156	5.9 Mbps	1.5999999999999996
165.51	4300	3.678	0.0	1344107.0	1924.0	0.16106290672451193	0.004484669003286197	5.6 Mbps	4.3
166.937	4300	4.251	0.0	1044679.0	1427.0	0.10393466963622866	0.0022243674851317964	5.9 Mbps	4.3
169.292	7000	3.896	0.0	1638262.0	2355.0	0.08791208791208792	0.0	5.6 Mbps	4.3
171.052	4300	4.136	0.0	1271829.0	1760.0	0.1880952380952381	0.004649504768329705	5.8 Mbps	1.5999999999999996
174.023	7000	3.165	0.0	2059134.0	2971.0	0.14666205465236942	0.00994665718695335	5.5 Mbps	4.3
175.559	4300	3.629	0.0	1038792.0	1536.0	0.42376373626373626	0.008359589792759282	5.4 Mbps	1.5999999999999996
177.135	4300	4.053	0.0	1068507.0	1576.0	0.36163101604278075	0.02736669015738783	5.4 Mbps	4.3
178.849	4300	4.339	0.0	1196322.0	1714.0	0.06609547123623011	0.0047025382798276715	5.6 Mbps	4.3
181.751	7000	3.437	0.0	2063631.0	2902.0	0.09425939050318922	0.0015884622783821332	5.7 Mbps	4.3
183.767	4300	3.421	0.0	1413974.0	2016.0	0.22727272727272727	0.0055551764035265145	5.6 Mbps	1.5999999999999996
185.492	4300	3.696	0.0	1096779.0	1725.0	0.18966565349544073	1.1397008877814035e-07	5.1 Mbps	4.3
187.242	4300	3.946	0.0	1139799.0	1750.0	0.17005988023952096	0.004080653694203978	5.2 Mbps	4.3
188.729	4300	4.459	0.0	1069005.0	1487.0	0.06965174129353234	0.0006466293422388109	5.8 Mbps	4.3
191.533	7000	3.655	0.0	1987238.0	2804.0	0.20301027900146842	0.00645066167212986	5.7 Mbps	4.3
193.53	4300	3.658	0.0	1270342.0	1997.0	0.1429316640584246	0.012611170850054552	5.1 Mbps	1.5999999999999996
195.031	4300	4.157	0.0	1011917.0	1501.0	0.32371569317382126	0.007283453089532046	5.4 Mbps	4.3
196.765	4300	4.423	0.0	1035382.0	1734.0	0.2998790810157195	0.014000267534108185	4.8 Mbps	4.3

