0.438	1050	2.0	0.438	301399.0	438.0	0.055865921787709494	0.00391756442456677	5.5 Mbps	-3.4614000000000003
0.782	375	3.656	0.0	114560.0	344.0	0.030303030303030304	0.0	2.7 Mbps	-0.30000000000000004
1.038	375	5.4	0.0	109065.0	256.0	0.09659090909090909	0.009809517260349333	3.4 Mbps	0.375
1.33	375	7.108	0.0	114069.0	292.0	0.0330188679245283	0.0	3.1 Mbps	0.375
1.787	1050	8.651	0.0	276027.0	457.0	0.2546419098143236	0.013812960326344886	4.8 Mbps	0.375
2.251	1050	10.187	0.0	273405.0	464.0	0.21875	0.01742561401583731	4.7 Mbps	1.05
3.076	1750	11.362	0.0	471228.0	825.0	0.3731543624161074	0.026633338850832293	4.6 Mbps	1.05
4.347	3000	12.091	0.0	774151.0	1271.0	0.27204030226700254	0.0038327470997260226	4.9 Mbps	1.75
5.685	3000	12.753	0.0	896417.0	1338.0	0.28537360890302066	0.009230776524764702	5.4 Mbps	3.0
6.799	3000	13.639	0.0	742539.0	1114.0	0.36847195357833656	0.01449385150140262	5.3 Mbps	3.0
8.42	4300	14.018	0.0	1114493.0	1621.0	0.2517845554834523	0.0176786664429476	5.5 Mbps	3.0
10.109	4300	14.329	0.0	1262526.0	1689.0	0.10006215040397763	0.0014439306596458212	6.0 Mbps	4.3
11.601	4300	14.837	0.0	1074521.0	1492.0	0.24079320113314448	0.003389300907101862	5.8 Mbps	4.3
13.317	4300	15.121	0.0	1178712.0	1716.0	0.21882640586797067	0.004699197089704695	5.5 Mbps	4.3
15.275	7000	15.163	0.0	1596923.0	1958.0	0.12300319488817892	0.0014023061850821862	6.5 Mbps	4.3
17.958	7000	14.48	0.0	2087258.0	2683.0	0.06492508643872455	0.00200095052935478	6.2 Mbps	7.0
19.412	4300	15.026	0.0	1042127.0	1454.0	0.05312954876273653	0.004302138798822025	5.7 Mbps	1.5999999999999996
21.479	7000	14.959	0.0	1652544.0	2067.0	0.07951685958731756	0.003768583468881918	6.4 Mbps	4.3
23.116	4300	15.322	0.0	1206114.0	1637.0	0.09312780989081568	0.008921420363249244	5.9 Mbps	1.5999999999999996
25.835	7000	14.603	0.0	2002694.0	2719.0	0.08753315649867374	0.0029170707057593424	5.9 Mbps	4.3
27.314	4300	15.124	0.0	1135787.0	1479.0	0.19228020014295927	0.002861782182750815	6.1 Mbps	1.5999999999999996
29.872	7000	14.566	0.0	1921648.0	2558.0	0.13882163034705408	0.008328073091429857	6.0 Mbps	4.3
31.569	4300	14.869	0.0	1082639.0	1697.0	0.06369820655534941	0.0005784476635332737	5.1 Mbps	1.5999999999999996
33.328	4300	15.11	0.0	1083682.0	1759.0	0.21798689696247767	0.009601640518159387	4.9 Mbps	4.3
36.268	7000	14.17	0.0	2041183.0	2940.0	0.16643356643356644	0.006553246328232207	5.6 Mbps	4.3
38.012	4300	14.426	0.0	1155731.0	1744.0	0.08533653846153846	0.007977310464113188	5.3 Mbps	1.5999999999999996
39.651	4300	14.787	0.0	1244540.0	1639.0	0.14111610006414368	0.004284615199190062	6.1 Mbps	4.3
41.212	4300	15.226	0.0	1160358.0	1561.0	0.14044564483457123	0.0035249897014542064	5.9 Mbps	4.3
43.901	7000	14.537	0.0	2143311.0	2689.0	0.3123802223073975	0.015605294798561665	6.4 Mbps	4.3
44.963	4300	15.475	0.0	786688.0	1062.0	0.11303462321792261	0.0023103187032216077	5.9 Mbps	1.5999999999999996
47.464	7000	14.974	0.0	2038748.0	2501.0	0.15324246179264767	0.007401601374961496	6.5 Mbps	4.3
48.8	4300	15.638	0.0	1040422.0	1336.0	0.0875796178343949	0.000373766606242467	6.2 Mbps	1.5999999999999996
51.284	7000	15.154	0.0	1732718.0	2484.0	0.11314475873544093	0.00039309627994861253	5.6 Mbps	4.3
53.45	7000	14.988	0.0	2108886.0	2166.0	0.08053691275167785	0.003590817616504638	7.8 Mbps	7.0
55.264	4300	15.174	0.0	1143546.0	1814.0	0.2687427912341407	0.016507971695060804	5.0 Mbps	1.5999999999999996
57.762	7000	14.676	0.0	1819263.0	2498.0	0.06162117452440033	0.0004488768253957784	5.8 Mbps	4.3
59.473	4300	14.965	0.0	1153282.0	1711.0	0.12568976088289394	0.003939301055596116	5.4 Mbps	1.5999999999999996
61.327	4300	15.111	0.0	1253407.0	1854.0	0.19447576099210823	0.004691213628135155	5.4 Mbps	4.3
64.264	7000	14.174	0.0	2001047.0	2937.0	0.049702485124256214	0.0004209671237107374	5.5 Mbps	4.3
65.669	4300	14.769	0.0	917996.0	1405.0	0.14566037735849058	9.095900200000871e-05	5.2 Mbps	1.5999999999999996
67.555	4300	14.883	0.0	1245214.0	1886.0	0.08305647840531562	0.0	5.3 Mbps	4.3
69.243	4300	15.195	0.0	1223294.0	1688.0	0.09825870646766169	0.0035156103111762178	5.8 Mbps	4.3
71.854	7000	14.584	0.0	1853753.0	2611.0	0.24812327143421573	0.008384005312466115	5.7 Mbps	4.3
73.323	4300	15.115	0.0	1095428.0	1469.0	0.15550755939524838	0.008581349025221192	6.0 Mbps	1.5999999999999996
76.04	7000	14.398	0.0	1890400.0	2717.0	0.22753128555176336	0.011371535124841304	5.6 Mbps	4.3
77.399	4300	15.039	0.0	1026134.0	1359.0	0.145426114151681	0.009478659707211729	6.0 Mbps	1.5999999999999996
80.353	7000	14.085	0.0	2026767.0	2954.0	0.07237299930410578	0.00033273434982906275	5.5 Mbps	4.3
82.188	4300	14.25	0.0	1207141.0	1835.0	0.08888888888888889	0.0009581523616545209	5.3 Mbps	1.5999999999999996
83.814	4300	14.624	0.0	1248944.0	1626.0	0.24967658473479948	0.01077390179223408	6.1 Mbps	4.3
85.126	4300	15.312	0.0	933210.0	1312.0	0.3133116883116883	0.0061997031750624185	5.7 Mbps	4.3
86.746	7000	15.692	0.0	1334755.0	1620.0	0.11168831168831168	0.0029317178058894705	6.6 Mbps	4.3
88.965	7000	15.473	0.0	1411594.0	2219.0	0.19308087891538103	0.01094711014640187	5.1 Mbps	7.0
90.836	7000	15.602	0.0	1380810.0	1871.0	0.15187046342825236	0.007672851442269393	5.9 Mbps	7.0
92.675	7000	15.763	0.0	1210342.0	1839.0	0.18646958499147243	0.004355587098522566	5.3 Mbps	7.0
93.978	7000	16.46	0.0	873314.0	1303.0	0.3605887162714636	0.01730477239572479	5.4 Mbps	7.0
96.123	7000	16.315	0.0	1608941.0	2145.0	0.07263922518159806	0.004763614700601203	6.0 Mbps	7.0
98.931	7000	15.507	0.0	1873156.0	2808.0	0.10887096774193548	0.0038353719604773974	5.3 Mbps	7.0
101.842	7000	14.596	0.0	1962871.0	2911.0	0.1759095725891911	0.0062525759461523455	5.4 Mbps	7.0
103.268	4300	15.17	0.0	1175261.0	1426.0	0.07800891530460624	0.0034253029752540076	6.6 Mbps	1.5999999999999996
105.448	7000	14.99	0.0	1668208.0	2180.0	0.043333333333333335	0.00042081083414058677	6.1 Mbps	4.3
107.172	4300	15.266	0.0	1035586.0	1724.0	0.041970802919708027	0.0011492285527228063	4.8 Mbps	1.5999999999999996
109.776	7000	14.662	0.0	1998712.0	2604.0	0.08835182250396197	0.004425975328111303	6.1 Mbps	4.3
111.658	4300	14.78	0.0	1263953.0	1882.0	0.2314095449500555	0.007865502119145253	5.4 Mbps	1.5999999999999996
113.227	4300	15.211	0.0	1215517.0	1569.0	0.048354600402955	0.0007460817084417577	6.2 Mbps	4.3
115.358	7000	15.08	0.0	1616568.0	2131.0	0.18917601170160897	0.005768315963201053	6.1 Mbps	4.3
118.28	7000	14.158	0.0	2001820.0	2922.0	0.199155524278677	0.015094139333206781	5.5 Mbps	7.0
119.844	4300	14.594	0.0	1050968.0	1564.0	0.07884097035040431	0.003076211644883574	5.4 Mbps	1.5999999999999996
121.679	4300	14.759	0.0	1208697.0	1835.0	0.1259259259259259	0.0011053225084533178	5.3 Mbps	4.3
123.603	4300	14.835	0.0	1177219.0	1924.0	0.3297180043383948	0.026991685489275996	4.9 Mbps	4.3
125.189	4300	15.249	0.0	1128999.0	1586.0	0.0451527224435591	0.0016101652880117698	5.7 Mbps	4.3
127.649	7000	14.789	0.0	1811288.0	2460.0	0.1315126050420168	0.003828560118545477	5.9 Mbps	4.3
129.575	4300	14.863	0.0	1259456.0	1926.0	0.20910075839653305	0.002831480416941918	5.2 Mbps	1.5999999999999996
131.238	4300	15.2	0.0	1259182.0	1663.0	0.23626026531901453	0.005504367120876887	6.1 Mbps	4.3
133.706	7000	14.732	0.0	2006632.0	2468.0	0.1871859296482412	0.01478416321477979	6.5 Mbps	4.3
135.126	4300	15.312	0.0	980361.0	1420.0	0.14701492537313432	0.004474754707704611	5.5 Mbps	1.5999999999999996
137.688	7000	14.75	0.0	1755985.0	2562.0	0.298549556809025	0.011837017400490323	5.5 Mbps	4.3
139.434	4300	15.004	0.0	1271918.0	1746.0	0.18487394957983194	0.0053357409833023825	5.8 Mbps	1.5999999999999996
141.92	7000	14.518	0.0	1638715.0	2486.0	0.21363258520365752	0.008472873562516973	5.3 Mbps	4.3
143.181	4300	15.257	0.0	1072215.0	1261.0	0.06350550381033022	0.0	6.8 Mbps	1.5999999999999996
146.03	7000	14.408	0.0	2034529.0	2849.0	0.1834597327555074	0.004474684312683673	5.7 Mbps	4.3
147.657	4300	14.781	0.0	1133860.0	1627.0	0.09631544925662573	0.0032667172314042297	5.6 Mbps	1.5999999999999996
149.325	4300	15.113	0.0	1335547.0	1668.0	0.06738035264483627	0.0013674172455181285	6.4 Mbps	4.3
152.041	7000	14.397	0.0	1969686.0	2716.0	0.15819423368740515	0.00334171284153921	5.8 Mbps	4.3
153.885	4300	14.553	0.0	1344107.0	1844.0	0.2828798185941043	0.008784642889293783	5.8 Mbps	1.5999999999999996
155.412	4300	15.026	0.0	1044679.0	1527.0	0.31651693158258465	0.014183902423615292	5.5 Mbps	4.3
157.793	7000	14.645	0.0	1638262.0	2381.0	0.20730117340286833	0.005479663814457028	5.5 Mbps	4.3
159.504	4300	14.934	0.0	1271829.0	1711.0	0.0404659717964439	0.0008606699485544047	5.9 Mbps	1.5999999999999996
161.413	4300	15.025	0.0	1270175.0	1909.0	0.20940404592673592	0.003169543566831342	5.3 Mbps	4.3
163.806	7000	14.632	0.0	1727182.0	2393.0	0.24729788153912668	0.012508018842252873	5.8 Mbps	4.3
165.616	4300	14.822	0.0	1068507.0	1810.0	0.3485549132947977	0.03327259437701391	4.7 Mbps	1.5999999999999996
167.245	4300	15.193	0.0	1196322.0	1629.0	0.1381536475145255	0.004901690347582006	5.9 Mbps	4.3
170.159	7000	14.279	0.0	2063631.0	2914.0	0.15067043048694426	0.0014886382303813037	5.7 Mbps	4.3
172.185	4300	14.253	0.0	1413974.0	2026.0	0.16341212744090441	0.00435810700903977	5.6 Mbps	1.5999999999999996
173.745	4300	14.693	0.0	1096779.0	1560.0	0.12364864864864865	0.008418514577686116	5.6 Mbps	4.3
175.3	4300	15.138	0.0	1139799.0	1555.0	0.06508474576271187	0.0012518654604890863	5.9 Mbps	4.3
177.369	7000	15.069	0.0	1708944.0	2069.0	0.19859225741578682	0.015795207449746745	6.6 Mbps	4.3
180.252	7000	14.186	0.0	1987238.0	2883.0	0.18943988583660365	0.007765174578988526	5.5 Mbps	7.0
182.238	4300	14.2	0.0	1270342.0	1986.0	0.24449108079748164	0.007332572645791448	5.1 Mbps	1.5999999999999996
183.58	4300	14.858	0.0	1011917.0	1342.0	0.07131537242472266	0.0011515272497645559	6.0 Mbps	4.3
184.924	4300	15.514	0.0	1035382.0	1344.0	0.08069620253164557	0.0	6.2 Mbps	4.3

