1.134	3000	2.0	1.134	820609.0	1134.0	0.04554079696394687	0.0	5.8 Mbps	-8.6802
1.408	375	3.726	0.0	114560.0	274.0	0.16494845360824742	0.04097634427374302	3.3 Mbps	-2.25
1.641	375	5.493	0.0	109065.0	233.0	0.35947712418300654	0.02832485215238619	3.7 Mbps	0.375
1.926	375	7.208	0.0	114069.0	285.0	0.08292682926829269	0.0	3.2 Mbps	0.375
2.293	1050	8.841	0.0	276027.0	367.0	0.11846689895470383	0.013846924395077294	6.0 Mbps	0.375
3.054	1750	10.08	0.0	465942.0	761.0	0.355359765051395	0.03737589657081783	4.9 Mbps	1.05
3.859	1750	11.275	0.0	471228.0	805.0	0.2317241379310345	0.011476132572767323	4.7 Mbps	1.75
5.046	3000	12.088	0.0	774151.0	1187.0	0.13188798554652212	0.008771383102262996	5.2 Mbps	1.75
6.197	3000	12.937	0.0	896417.0	1151.0	0.161531279178338	0.005036160626137166	6.2 Mbps	3.0
7.805	4300	13.329	0.0	1064186.0	1608.0	0.35274869109947643	0.04281876006637937	5.3 Mbps	3.0
9.353	4300	13.781	0.0	1114493.0	1548.0	0.06471389645776567	0.0017275792669850774	5.8 Mbps	4.3
11.037	4300	14.097	0.0	1262526.0	1684.0	0.16895261845386533	0.002197875528899999	6.0 Mbps	4.3
13.322	7000	13.812	0.0	1694159.0	2285.0	0.17052154195011338	0.0032882096662709935	5.9 Mbps	4.3
14.84	4300	14.294	0.0	1178712.0	1518.0	0.1564673157162726	0.002015441430985686	6.2 Mbps	1.5999999999999996
16.795	7000	14.339	0.0	1596923.0	1955.0	0.11626666666666667	0.004665456631284038	6.5 Mbps	4.3
19.763	7000	13.371	0.0	2087258.0	2968.0	0.10803324099722991	0.005353255323491394	5.6 Mbps	7.0
21.067	4300	14.067	0.0	1042127.0	1304.0	0.13562091503267973	0.0008778920419488219	6.4 Mbps	1.5999999999999996
23.239	7000	13.895	0.0	1652544.0	2172.0	0.11663479923518165	0.008049861304751946	6.1 Mbps	4.3
24.857	4300	14.277	0.0	1206114.0	1618.0	0.14889466840052015	0.007514940544591971	6.0 Mbps	1.5999999999999996
27.578	7000	13.556	0.0	2002694.0	2721.0	0.08027262400605831	0.0038500639638407064	5.9 Mbps	4.3
29.299	4300	13.835	0.0	1135787.0	1721.0	0.3753808653260207	0.01609357652447158	5.3 Mbps	1.5999999999999996
31.006	4300	14.128	0.0	1155212.0	1707.0	0.19422249539028888	0.0033273113506438645	5.4 Mbps	4.3
33.665	7000	13.469	0.0	1710091.0	2659.0	0.19930205506010082	0.0078632511369278	5.1 Mbps	4.3
35.261	4300	13.873	0.0	1083682.0	1596.0	0.2948548812664908	0.006777933932648138	5.4 Mbps	1.5999999999999996
37.229	4300	13.905	0.0	1257347.0	1968.0	0.1059322033898305	0.0037747137425070405	5.1 Mbps	4.3
39.606	7000	13.528	0.0	1893197.0	2377.0	0.1345232912494558	0.008857570025728966	6.4 Mbps	4.3
41.173	4300	13.961	0.0	1244540.0	1567.0	0.07800941492938802	0.002029966895399103	6.4 Mbps	1.5999999999999996
43.561	7000	13.573	0.0	1930364.0	2388.0	0.15684575389948008	0.0016565528573885546	6.5 Mbps	4.3
45.432	4300	13.702	0.0	1307221.0	1871.0	0.367392518146287	0.013451436291185653	5.6 Mbps	1.5999999999999996
46.655	4300	14.479	0.0	786688.0	1223.0	0.4671916010498688	0.014504638433534006	5.1 Mbps	4.3
49.154	7000	13.98	0.0	2038748.0	2499.0	0.17155849524596942	0.00913035843566738	6.5 Mbps	4.3
51.333	7000	13.801	0.0	1640524.0	2179.0	0.0843258694616484	0.0021896967066620176	6.0 Mbps	7.0
52.739	4300	14.395	0.0	1096651.0	1406.0	0.3815987933634992	0.006619699430356604	6.2 Mbps	1.5999999999999996
55.654	7000	13.48	0.0	2108886.0	2915.0	0.22257495590828924	0.017346954742930628	5.8 Mbps	4.3
57.35	4300	13.784	0.0	1143546.0	1696.0	0.1943069306930693	0.007488548777224528	5.4 Mbps	1.5999999999999996
58.923	4300	14.211	0.0	1111651.0	1573.0	0.07300736771600803	0.005090401573875254	5.7 Mbps	4.3
61.746	7000	13.388	0.0	1890423.0	2823.0	0.2118118847976668	0.011439238731225763	5.4 Mbps	4.3
63.704	4300	13.43	0.0	1253407.0	1958.0	0.16027689030883918	0.006712205213470166	5.1 Mbps	1.5999999999999996
65.758	4300	13.376	0.0	1242112.0	2054.0	0.2573454913880446	0.016415387662304205	4.8 Mbps	4.3
67.257	4300	13.877	0.0	917996.0	1499.0	0.14940098661028894	0.005850107190009542	4.9 Mbps	4.3
69.011	4300	14.123	0.0	1245214.0	1754.0	0.13620071684587814	0.003724159060209731	5.7 Mbps	4.3
71.561	7000	13.573	0.0	1950516.0	2550.0	0.13481781376518218	0.006465853138349032	6.1 Mbps	4.3
73.057	4300	14.077	0.0	1125330.0	1496.0	0.20903954802259886	0.01424326641962802	6.0 Mbps	1.5999999999999996
75.7	7000	13.434	0.0	1800804.0	2643.0	0.26765509168942647	0.012697522884222824	5.5 Mbps	4.3
77.298	4300	13.836	0.0	1080750.0	1598.0	0.25823451910408435	0.024517464723571594	5.4 Mbps	1.5999999999999996
78.897	4300	14.237	0.0	1026134.0	1599.0	0.21790651744568795	0.009566732999783655	5.1 Mbps	4.3
81.966	7000	13.168	0.0	2026767.0	3069.0	0.17497490799598528	0.0005471768585140768	5.3 Mbps	4.3
83.44	4300	13.694	0.0	1207141.0	1474.0	0.11836441893830703	0.006279299601289328	6.6 Mbps	1.5999999999999996
85.053	4300	14.081	0.0	1248944.0	1613.0	0.23939986953685582	0.005142444336975877	6.2 Mbps	4.3
87.04	7000	14.094	0.0	1566687.0	1987.0	0.1588883062401678	0.0029850410452119665	6.3 Mbps	4.3
89.0	7000	14.134	0.0	1334755.0	1960.0	0.08670212765957447	0.001679428059831205	5.4 Mbps	7.0
90.87	7000	14.264	0.0	1411594.0	1870.0	0.08770949720670392	0.002001814969460057	6.0 Mbps	7.0
92.783	7000	14.351	0.0	1380810.0	1913.0	0.0894708128750682	0.004082205372209066	5.8 Mbps	7.0
94.392	7000	14.742	0.0	1210342.0	1609.0	0.10725964682799215	0.003285538302397174	6.0 Mbps	7.0
95.733	7000	15.401	0.0	873314.0	1341.0	0.08564631245043616	0.0013189700382680227	5.2 Mbps	7.0
98.229	7000	14.905	0.0	1608941.0	2496.0	0.3882450331125828	0.024129458445026883	5.2 Mbps	7.0
100.86	7000	14.274	0.0	1873156.0	2631.0	0.15444923559388474	0.004162293476891407	5.7 Mbps	7.0
103.486	7000	13.648	0.0	1962871.0	2626.0	0.2596229379418696	0.0030178371375398586	6.0 Mbps	7.0
105.255	4300	13.879	0.0	1175261.0	1769.0	0.10420367081113084	0.0033252188237336217	5.3 Mbps	1.5999999999999996
107.019	4300	14.115	0.0	1037435.0	1764.0	0.24109263657957244	0.015927985849715887	4.7 Mbps	4.3
109.582	7000	13.552	0.0	1796193.0	2563.0	0.2013693113169553	0.00428705322868979	5.6 Mbps	4.3
111.255	4300	13.879	0.0	1240704.0	1673.0	0.0973006905210295	0.0048984286340658205	5.9 Mbps	1.5999999999999996
113.089	4300	14.045	0.0	1263953.0	1834.0	0.2063854047890536	0.006823829683540448	5.5 Mbps	4.3
115.522	7000	13.612	0.0	1887642.0	2433.0	0.1597960050998725	0.006664929049046376	6.2 Mbps	4.3
116.804	4300	14.33	0.0	964253.0	1282.0	0.1264559068219634	0.0028296515541045763	6.0 Mbps	1.5999999999999996
119.8	7000	13.334	0.0	2001820.0	2996.0	0.19307270233196158	0.015349844141830934	5.3 Mbps	4.3
121.54	4300	13.594	0.0	1050968.0	1740.0	0.04216867469879518	0.0	4.8 Mbps	1.5999999999999996
123.4	4300	13.734	0.0	1208697.0	1860.0	0.2550561797752809	0.020420957444256087	5.2 Mbps	4.3
125.116	4300	14.018	0.0	1177219.0	1716.0	0.2365525672371638	0.00347726293918124	5.5 Mbps	4.3
127.625	7000	13.509	0.0	1832451.0	2509.0	0.18196788801976121	0.004924483656043191	5.8 Mbps	4.3
129.499	4300	13.635	0.0	1141084.0	1874.0	0.3049052396878484	0.02061373220551686	4.9 Mbps	1.5999999999999996
131.175	4300	13.959	0.0	1259456.0	1676.0	0.2957393483709273	0.017836470666700542	6.0 Mbps	4.3
133.667	7000	13.467	0.0	2038354.0	2492.0	0.1861525704809287	0.009103362320774508	6.5 Mbps	4.3
135.331	4300	13.803	0.0	1251521.0	1664.0	0.22916666666666666	0.006591879001630815	6.0 Mbps	1.5999999999999996
136.752	4300	14.382	0.0	980361.0	1421.0	0.11036539895600299	0.0016269517045251697	5.5 Mbps	4.3
139.181	7000	13.953	0.0	1755985.0	2429.0	0.1336739037888463	0.002070134425977443	5.8 Mbps	4.3
142.153	7000	12.981	0.0	2069187.0	2972.0	0.2053941908713693	0.006384572781483742	5.6 Mbps	7.0
143.524	4300	13.61	0.0	1030528.0	1371.0	0.10534469403563129	0.0006659207707117128	6.0 Mbps	1.5999999999999996
145.169	4300	13.965	0.0	1072215.0	1645.0	0.30287539936102237	0.0015949459763200478	5.2 Mbps	4.3
147.859	7000	13.275	0.0	2034529.0	2690.0	0.12145593869731801	0.005115065944009646	6.1 Mbps	4.3
149.265	4300	13.869	0.0	1133860.0	1406.0	0.049019607843137254	0.0	6.5 Mbps	1.5999999999999996
151.174	4300	13.96	0.0	1335547.0	1909.0	0.16894477856752324	0.009754617396467515	5.6 Mbps	4.3
153.585	7000	13.549	0.0	1969686.0	2411.0	0.11840411840411841	0.006691168033889665	6.5 Mbps	4.3
155.517	4300	13.617	0.0	1344107.0	1932.0	0.09503239740820735	0.0003504185306675733	5.6 Mbps	1.5999999999999996
156.923	4300	14.211	0.0	1044679.0	1406.0	0.1568627450980392	0.0024898796663855595	5.9 Mbps	4.3
159.237	7000	13.897	0.0	1638262.0	2314.0	0.03536257833482542	0.0009419280920878345	5.7 Mbps	4.3
160.784	4300	14.35	0.0	1271829.0	1547.0	0.1356509884117246	0.004600068090914738	6.6 Mbps	1.5999999999999996
163.612	7000	13.522	0.0	2059134.0	2828.0	0.14264919941775836	0.006041921021167151	5.8 Mbps	4.3
165.193	4300	13.941	0.0	1038792.0	1581.0	0.22251832111925382	0.005161644487058044	5.3 Mbps	1.5999999999999996
167.48	7000	13.654	0.0	1709260.0	2287.0	0.13593112822836428	0.0029445491031206486	6.0 Mbps	4.3
169.443	4300	13.691	0.0	1196322.0	1963.0	0.3510355815188529	0.006981397984823484	4.9 Mbps	1.5999999999999996
171.391	4300	13.743	0.0	1324657.0	1948.0	0.22537473233404712	0.005047061239249103	5.4 Mbps	4.3
173.257	4300	13.877	0.0	1413974.0	1866.0	0.052071668533034715	1.0962012031338624e-05	6.1 Mbps	4.3
174.988	4300	14.146	0.0	1096779.0	1731.0	0.3034524530587523	0.011680794398871605	5.1 Mbps	4.3
177.376	7000	13.758	0.0	1811574.0	2388.0	0.3305892547660312	0.03406995794817104	6.1 Mbps	4.3
178.886	4300	14.248	0.0	1069005.0	1510.0	0.05314685314685315	0.0017063764902876975	5.7 Mbps	1.5999999999999996
181.893	7000	13.241	0.0	1987238.0	3007.0	0.2944994875298941	0.006250320797005693	5.3 Mbps	4.3
183.539	4300	13.595	0.0	1270342.0	1646.0	0.17879948914431673	0.0030490804838382104	6.2 Mbps	1.5999999999999996
185.005	4300	14.129	0.0	1011917.0	1466.0	0.2763347763347763	0.015248162645750591	5.5 Mbps	4.3
187.464	7000	13.67	0.0	1686280.0	2459.0	0.10886927280369903	0.00222271805394122	5.5 Mbps	4.3

