1.165	3000	2.0	1.165	820609.0	1165.0	0.13456221198156681	0.0027287660749516517	5.6 Mbps	-8.999500000000001
2.785	4300	2.38	0.0	1276947.0	1620.0	0.16883116883116883	0.009183818905561468	6.3 Mbps	3.0
4.645	4300	2.52	0.0	1196861.0	1860.0	0.2196629213483146	0.011266032563514059	5.1 Mbps	4.3
6.397	4300	2.768	0.0	1241725.0	1752.0	0.31399521531100477	0.0032064265437194224	5.7 Mbps	4.3
8.169	4300	2.996	0.0	1145415.0	1772.0	0.25295508274231676	0.006716015592601808	5.2 Mbps	4.3
9.723	4300	3.442	0.0	1054838.0	1554.0	0.25576662143826323	0.005172832226370305	5.4 Mbps	4.3
11.178	4300	3.987	0.0	1132110.0	1455.0	0.12727272727272726	0.003170076229341672	6.2 Mbps	4.3
12.684	4300	4.481	0.0	1098985.0	1506.0	0.13394109396914447	0.0044352288702757545	5.8 Mbps	4.3
14.305	4300	4.86	0.0	1277041.0	1621.0	0.14081765087605452	0.0083119884169733	6.3 Mbps	4.3
15.832	4300	5.333	0.0	1064186.0	1527.0	0.22045611610228058	0.013197880821585701	5.6 Mbps	4.3
17.509	4300	5.656	0.0	1114493.0	1677.0	0.14902943018159048	0.01089374271529745	5.3 Mbps	4.3
19.268	4300	5.897	0.0	1262526.0	1759.0	0.0714711137581894	0.0008450321023091801	5.7 Mbps	4.3
20.533	4300	6.632	0.0	1074521.0	1265.0	0.07426160337552742	0.0017620642127980748	6.8 Mbps	4.3
22.027	4300	7.138	0.0	1178712.0	1494.0	0.03536067892503536	0.0007686355954635229	6.3 Mbps	4.3
23.484	4300	7.681	0.0	962332.0	1457.0	0.1074800290486565	0.0024584810647468856	5.3 Mbps	4.3
25.2	4300	7.965	0.0	1265449.0	1716.0	0.1491442542787286	0.0038993076765638126	5.9 Mbps	4.3
26.59	4300	8.575	0.0	1042127.0	1390.0	0.031297709923664124	0.0009926813142735961	6.0 Mbps	4.3
28.116	4300	9.049	0.0	1041432.0	1526.0	0.18049792531120332	0.0046796142234922684	5.5 Mbps	4.3
29.74	4300	9.425	0.0	1206114.0	1624.0	0.13665803108808292	0.005088034796047472	5.9 Mbps	4.3
31.663	4300	9.502	0.0	1221449.0	1923.0	0.06782419967444384	0.003230998592655117	5.1 Mbps	4.3
33.379	4300	9.786	0.0	1135787.0	1716.0	0.20904645476772615	0.016641654641231147	5.3 Mbps	4.3
35.149	4300	10.016	0.0	1155212.0	1770.0	0.33964497041420116	0.023669681409126637	5.2 Mbps	4.3
37.063	4300	10.102	0.0	1082639.0	1914.0	0.14394765539803708	0.007495573316682661	4.5 Mbps	4.3
38.492	4300	10.673	0.0	1083682.0	1429.0	0.072646404744255	0.0029723895017172933	6.1 Mbps	4.3
40.286	4300	10.879	0.0	1257347.0	1794.0	0.17444574095682613	0.008139061850070028	5.6 Mbps	4.3
41.754	4300	11.411	0.0	1155731.0	1468.0	0.15706051873198848	0.003124645786952154	6.3 Mbps	4.3
43.303	4300	11.862	0.0	1244540.0	1549.0	0.0966643975493533	0.0	6.4 Mbps	4.3
44.764	4300	12.401	0.0	1160358.0	1461.0	0.1556842867487328	0.0057882998178148464	6.4 Mbps	4.3
46.531	4300	12.634	0.0	1307221.0	1767.0	0.2151748666271488	0.009400571900237222	5.9 Mbps	4.3
47.571	4300	13.594	0.0	786688.0	1040.0	0.14583333333333334	0.02269355831028311	6.1 Mbps	4.3
49.107	4300	14.058	0.0	1186224.0	1536.0	0.11195054945054946	0.0017880265447335411	6.2 Mbps	4.3
50.633	4300	14.532	0.0	1040422.0	1526.0	0.09889349930843706	0.0029145625525027344	5.5 Mbps	4.3
51.887	4300	15.278	0.0	1096651.0	1254.0	0.06473594548551959	0.0010497870334317846	7.0 Mbps	4.3
53.38	4300	15.785	0.0	1289005.0	1493.0	0.1854210898796886	0.002946458702642736	6.9 Mbps	4.3
55.081	4300	16.084	0.0	1143546.0	1701.0	0.15175817396668723	0.0005509179342151518	5.4 Mbps	4.3
56.917	4300	16.248	0.0	1111651.0	1836.0	0.3479498861047836	0.011733561162631077	4.8 Mbps	4.3
58.446	4300	16.719	0.0	1153282.0	1529.0	0.08971704623878538	0.0021695691079891997	6.0 Mbps	4.3
60.425	4300	16.74	0.0	1253407.0	1979.0	0.10479199578725645	0.0021122428708312624	5.1 Mbps	4.3
62.082	4300	17.083	0.0	1242112.0	1657.0	0.11857958148383006	0.0060190828202287714	6.0 Mbps	4.3
63.575	4300	17.59	0.0	917996.0	1493.0	0.038924274593064405	0.0007623943895180371	4.9 Mbps	4.3
65.582	4300	17.583	0.0	1245214.0	2007.0	0.10430721328489881	0.004737840242721332	5.0 Mbps	4.3
67.421	4300	17.744	0.0	1223294.0	1839.0	0.08129619101762366	0.0010561647486213453	5.3 Mbps	4.3
69.019	4300	18.146	0.0	1125330.0	1598.0	0.036231884057971016	0.0010121475478304142	5.6 Mbps	4.3
70.55	4300	18.615	0.0	1095428.0	1531.0	0.029634734665747762	0.0	5.7 Mbps	4.3
72.116	4300	19.049	0.0	1080750.0	1566.0	0.2772543741588156	0.0075665047420772616	5.5 Mbps	4.3
73.476	4300	19.689	0.0	1026134.0	1360.0	0.12734375	0.0036581479611824575	6.0 Mbps	4.3
75.519	4300	19.646	0.0	1241770.0	2043.0	0.27356087620988284	0.018828466624254088	4.9 Mbps	4.3
77.097	4300	20.068	0.0	1207141.0	1578.0	0.2089452603471295	0.010490696612906032	6.1 Mbps	4.3
79.038	4300	20.127	0.0	1248944.0	1941.0	0.04782375067168189	0.0012737760860374845	5.1 Mbps	4.3
80.452	4300	20.713	0.0	933210.0	1414.0	0.21139430284857572	0.01643467172447788	5.3 Mbps	4.3
82.0	4300	21.165	0.0	952255.0	1548.0	0.26634877384196187	0.007909646050690203	4.9 Mbps	4.3
83.506	4300	21.659	0.0	1023670.0	1506.0	0.3520336605890603	0.010168193851534186	5.4 Mbps	4.3
85.015	4300	22.15	0.0	1040117.0	1509.0	0.3365990202939118	0.007631353011247773	5.5 Mbps	4.3
86.188	4300	22.977	0.0	981366.0	1173.0	0.0768526989935956	0.0019946686557308895	6.7 Mbps	4.3
87.004	4300	24.161	0.0	637803.0	816.0	0.15081521739130435	0.0	6.3 Mbps	4.3
88.873	4300	24.292	0.0	1014684.0	1869.0	0.3605366126327557	0.009535480997039473	4.3 Mbps	4.3
90.383	4300	24.782	0.0	1149216.0	1510.0	0.18951048951048952	0.013727945834377524	6.1 Mbps	4.3
92.189	4300	24.976	0.0	1182031.0	1806.0	0.1257242178447277	0.003512386730974061	5.2 Mbps	4.3
93.968	4300	25.197	0.0	1175261.0	1779.0	0.12772218952324896	0.0004493682679847285	5.3 Mbps	4.3
95.44	4300	25.725	0.0	1037435.0	1472.0	0.2435344827586207	0.0065974012829719455	5.6 Mbps	4.3
97.022	4300	26.143	0.0	1035586.0	1582.0	0.19507323568575233	0.006429813651401235	5.2 Mbps	4.3
99.027	4300	26.138	0.0	1240704.0	2005.0	0.2794805194805195	0.0059435006254513565	5.0 Mbps	4.3
100.55	4300	26.615	0.0	1263953.0	1523.0	0.038115038115038115	0.0	6.6 Mbps	4.3
102.404	4300	26.761	0.0	1215517.0	1854.0	0.0636978579481398	0.001813631565827545	5.2 Mbps	4.3
103.669	4300	27.496	0.0	964253.0	1265.0	0.11392405063291139	0.0031183465335342486	6.1 Mbps	4.3
105.497	4300	27.668	0.0	1232752.0	1828.0	0.057780320366132724	0.0007110108115825405	5.4 Mbps	4.3
107.278	4300	27.887	0.0	1050968.0	1781.0	0.18930041152263374	0.0063583049150878045	4.7 Mbps	4.3
108.934	4300	28.231	0.0	1208697.0	1656.0	0.07868020304568528	0.0033658145920772535	5.8 Mbps	4.3
110.5	4300	28.665	0.0	1177219.0	1566.0	0.14333781965006728	0.0019411214056178163	6.0 Mbps	4.3
112.161	4300	29.004	0.0	1128999.0	1661.0	0.22074636306135356	0.004800602126308349	5.4 Mbps	4.3
113.65	4300	29.515	0.0	1141084.0	1489.0	0.1156848828956707	0.0007538884078648022	6.1 Mbps	4.3
115.456	4300	29.709	0.0	1259456.0	1806.0	0.3551564310544612	0.015771094821891356	5.6 Mbps	4.3
117.263	4300	29.902	0.0	1259182.0	1807.0	0.11986103068905617	0.009276955197898317	5.6 Mbps	4.3
119.141	4300	30.024	0.0	1251521.0	1878.0	0.058954393770856504	0.0018198855632466414	5.3 Mbps	4.3
120.609	4300	30.556	0.0	980361.0	1468.0	0.0792507204610951	0.0013932367770647751	5.3 Mbps	4.3
122.296	4300	30.869	0.0	1047778.0	1687.0	0.17734909769757312	0.0031698031453227687	5.0 Mbps	4.3
124.116	4300	31.049	0.0	1271918.0	1820.0	0.17873563218390803	0.00927261034123269	5.6 Mbps	4.3
125.718	4300	31.447	0.0	1030528.0	1602.0	0.2923784494086728	0.014857796197677306	5.1 Mbps	4.3
127.425	4300	31.74	0.0	1072215.0	1707.0	0.373079287031346	0.023818567171695976	5.0 Mbps	4.3
129.062	4300	32.103	0.0	1241797.0	1637.0	0.15028901734104047	0.00223869118704587	6.1 Mbps	4.3
130.638	4300	32.527	0.0	1133860.0	1576.0	0.03409090909090909	0.0008175612509480889	5.8 Mbps	4.3
132.425	4300	32.74	0.0	1335547.0	1787.0	0.3321616871704745	0.017160103687852243	6.0 Mbps	4.3
134.039	4300	33.126	0.0	1225403.0	1614.0	0.16297262059973924	0.012611565338096936	6.1 Mbps	4.3
135.899	4300	33.266	0.0	1344107.0	1860.0	0.151123595505618	0.0064912986838101434	5.8 Mbps	4.3
137.354	4300	33.811	0.0	1044679.0	1455.0	0.04218181818181818	0.0	5.7 Mbps	4.3
138.65	4300	34.515	0.0	1051263.0	1296.0	0.1225328947368421	0.0016336302143231522	6.5 Mbps	4.3
140.552	4300	34.613	0.0	1271829.0	1902.0	0.22283205268935236	0.009792000339668304	5.3 Mbps	4.3
142.415	4300	34.75	0.0	1270175.0	1863.0	0.14806505888951205	0.0020400732182573266	5.5 Mbps	4.3
143.654	4300	35.511	0.0	1038792.0	1239.0	0.15099223468507333	0.002575948794368844	6.7 Mbps	4.3
145.16	4300	36.005	0.0	1068507.0	1506.0	0.04978962131837307	0.0012972540189254726	5.7 Mbps	4.3
146.718	4300	36.447	0.0	1196322.0	1558.0	0.14479025710419485	0.005372821865684991	6.1 Mbps	4.3
148.614	4300	36.551	0.0	1324657.0	1896.0	0.2064977973568282	0.009114906726797956	5.6 Mbps	4.3
150.621	4300	36.544	0.0	1413974.0	2007.0	0.29891022314478466	0.0050963631580212936	5.6 Mbps	4.3
152.094	4300	37.071	0.0	1096779.0	1473.0	0.05886575735821967	0.002290570844263065	6.0 Mbps	4.3
153.69	4300	37.475	0.0	1139799.0	1596.0	0.2552770448548813	0.0029085172034718403	5.7 Mbps	4.3
154.988	4300	38.177	0.0	1069005.0	1298.0	0.11412151067323481	0.007074569342519445	6.6 Mbps	4.3
156.687	4300	38.478	0.0	1274531.0	1699.0	0.04694255713403336	0.000906019547582601	6.0 Mbps	4.3
158.395	4300	38.77	0.0	1270342.0	1708.0	0.07309582309582309	0.000678557427842266	6.0 Mbps	4.3
159.967	4300	39.198	0.0	1011917.0	1572.0	0.2432975871313673	0.002945152616271888	5.1 Mbps	4.3
161.211	4300	39.954	0.0	1035382.0	1244.0	0.0979381443298969	0.006761514107836528	6.7 Mbps	4.3

