1.121	3000	2.0	1.121	820609.0	1121.0	0.03650336215177714	0.0	5.9 Mbps	-8.5463
2.769	4300	2.352	0.0	1276947.0	1648.0	0.2697704081632653	0.01610168628768461	6.2 Mbps	3.0
4.6	4300	2.521	0.0	1196861.0	1831.0	0.22101656196459166	0.00765283103050396	5.2 Mbps	4.3
6.142	4300	2.979	0.0	1241725.0	1542.0	0.15321477428180574	0.004486601300610038	6.4 Mbps	4.3
8.689	7000	2.432	0.0	1836989.0	2547.0	0.1568706931495744	0.004018328362336411	5.8 Mbps	4.3
10.85	7000	2.271	0.0	1736998.0	2161.0	0.20615088899567516	0.00512896387906031	6.4 Mbps	7.0
13.361	7000	2.0	0.24	1849321.0	2511.0	0.1781160016454134	0.009595616445170957	5.9 Mbps	4.5280000000000005
15.519	7000	2.0	0.158	1785885.0	2158.0	0.09095283926852743	0.0038102957357276646	6.6 Mbps	5.3726
17.531	4300	2.0	0.012	1277041.0	2012.0	0.13302277432712215	0.004516397672431817	5.1 Mbps	1.4764
18.967	4300	2.564	0.0	1064186.0	1436.0	0.09218289085545722	0.008299770904710266	5.9 Mbps	4.3
20.406	4300	3.125	0.0	1114493.0	1439.0	0.1111111111111111	0.005900777304119451	6.2 Mbps	4.3
22.2	4300	3.331	0.0	1262526.0	1794.0	0.11201866977829639	0.0019180793108419154	5.6 Mbps	4.3
24.516	7000	3.015	0.0	1694159.0	2316.0	0.19141323792486584	0.012851878129502602	5.9 Mbps	4.3
27.202	7000	2.329	0.0	1968700.0	2686.0	0.16193399846508058	0.0023356148727586732	5.9 Mbps	7.0
29.551	7000	2.0	0.02	1596923.0	2349.0	0.2794182459233142	0.00749511717221181	5.4 Mbps	6.794
31.508	4300	2.043	0.0	1265449.0	1957.0	0.06020245071923282	0.0023927277985916462	5.2 Mbps	1.5999999999999996
33.155	4300	2.396	0.0	1042127.0	1647.0	0.16017868538608807	0.00441225013841883	5.1 Mbps	4.3
34.719	4300	2.832	0.0	1041432.0	1564.0	0.23315363881401618	0.008025247927853188	5.3 Mbps	4.3
36.62	4300	2.931	0.0	1206114.0	1901.0	0.10323997803404723	0.0046579344904378855	5.1 Mbps	4.3
38.203	4300	3.348	0.0	1221449.0	1583.0	0.07385229540918163	0.0008688451175611917	6.2 Mbps	4.3
40.633	7000	2.918	0.0	1878664.0	2430.0	0.11574468085106383	0.002604244292752722	6.2 Mbps	4.3
43.037	7000	2.514	0.0	1921648.0	2404.0	0.2482788296041308	0.006957960042630076	6.4 Mbps	7.0
45.312	7000	2.239	0.0	1710091.0	2275.0	0.22687927107061504	0.005148044753173954	6.0 Mbps	7.0
47.417	7000	2.134	0.0	1732348.0	2105.0	0.18271604938271604	0.007716477867033645	6.6 Mbps	7.0
49.288	4300	2.263	0.0	1257347.0	1871.0	0.2869905080960357	0.0017297333194416498	5.4 Mbps	1.5999999999999996
50.949	4300	2.602	0.0	1155731.0	1661.0	0.1922833649588868	0.0053306089392773925	5.6 Mbps	4.3
52.355	4300	3.196	0.0	1244540.0	1406.0	0.16515837104072398	0.005475014864930014	7.1 Mbps	4.3
54.907	7000	2.644	0.0	1930364.0	2552.0	0.06957928802588997	6.320051555043504e-05	6.1 Mbps	4.3
58.004	7000	2.0	0.453	2143311.0	3097.0	0.21644017235664567	0.004399618160873527	5.5 Mbps	2.3340999999999994
60.133	7000	2.0	0.129	1298844.0	2129.0	0.20595412396290874	0.007010175971864212	4.9 Mbps	5.6713
61.587	4300	2.546	0.0	1186224.0	1454.0	0.09606986899563319	0.004175750111277465	6.5 Mbps	1.5999999999999996
64.232	7000	2.0	0.099	1640524.0	2645.0	0.030799220272904482	0.0013039278913322817	5.0 Mbps	3.2802999999999995
65.856	4300	2.376	0.0	1096651.0	1624.0	0.07512953367875648	0.0026995826384145914	5.4 Mbps	1.5999999999999996
67.805	4300	2.427	0.0	1289005.0	1949.0	0.1193151417870519	0.0034211465432639906	5.3 Mbps	4.3
69.44	4300	2.792	0.0	1143546.0	1635.0	0.15112540192926044	0.008950667485173312	5.6 Mbps	4.3
70.932	4300	3.3	0.0	1111651.0	1492.0	0.21246458923512748	0.00813688378816733	6.0 Mbps	4.3
73.338	7000	2.894	0.0	1890423.0	2406.0	0.10060189165950129	0.0075897695912502125	6.3 Mbps	4.3
75.894	7000	2.338	0.0	2051679.0	2556.0	0.08360258481421648	0.003408245149460515	6.4 Mbps	7.0
79.16	7000	2.0	0.928	2001047.0	3266.0	0.2947269303201507	0.008579071356145059	4.9 Mbps	-2.5584000000000007
81.446	7000	2.0	0.286	1474418.0	2286.0	0.1627379873073436	0.006046877479792026	5.2 Mbps	4.0542
82.911	4300	2.535	0.0	1245214.0	1465.0	0.07870036101083032	0.00281849144002557	6.8 Mbps	1.5999999999999996
84.488	4300	2.958	0.0	1223294.0	1577.0	0.16967267869071476	0.002559585022079729	6.2 Mbps	4.3
86.893	7000	2.553	0.0	1853753.0	2405.0	0.16129032258064516	0.004641260189464292	6.2 Mbps	4.3
89.326	7000	2.12	0.0	1800804.0	2433.0	0.17679558011049723	0.007077463732865987	5.9 Mbps	7.0
91.104	4300	2.342	0.0	1080750.0	1778.0	0.2826855123674912	0.005802914642609299	4.9 Mbps	1.5999999999999996
92.549	4300	2.897	0.0	1026134.0	1445.0	0.11575091575091576	0.0034358329418964773	5.7 Mbps	4.3
94.144	4300	3.302	0.0	1241770.0	1595.0	0.12013201320132014	0.00020545270058062282	6.2 Mbps	4.3
96.888	7000	2.558	0.0	1965965.0	2744.0	0.17567567567567569	0.005545686215166597	5.7 Mbps	4.3
98.851	4300	2.595	0.0	1248944.0	1963.0	0.16622411046202867	0.007742941236756812	5.1 Mbps	1.5999999999999996
101.056	7000	2.39	0.0	1566687.0	2205.0	0.23623529411764707	0.006268083541894456	5.7 Mbps	4.3
102.868	7000	2.578	0.0	1334755.0	1812.0	0.13279445727482678	0.002711920914325101	5.9 Mbps	7.0
104.831	7000	2.615	0.0	1411594.0	1963.0	0.05045140732873075	0.0	5.8 Mbps	7.0
107.127	7000	2.319	0.0	1380810.0	2296.0	0.22653429602888087	0.010386476053910385	4.8 Mbps	7.0
108.752	7000	2.694	0.0	1210342.0	1625.0	0.05954692556634304	0.0018969844886817114	6.0 Mbps	7.0
109.965	7000	3.481	0.0	873314.0	1213.0	0.10679611650485436	0.005720737329299656	5.8 Mbps	7.0
112.067	7000	3.379	0.0	1608941.0	2102.0	0.050939663699307615	0.0008246107222079617	6.1 Mbps	7.0
114.465	7000	2.981	0.0	1873156.0	2398.0	0.18421052631578946	0.008358687156862535	6.2 Mbps	7.0
117.537	7000	2.0	0.091	1962871.0	3072.0	0.29612299465240643	0.015476946778468885	5.1 Mbps	6.0626999999999995
119.334	4300	2.203	0.0	1175261.0	1797.0	0.15084449621432733	0.004230975077025444	5.2 Mbps	1.5999999999999996
120.867	4300	2.67	0.0	1037435.0	1533.0	0.07983482450103235	0.0037356557278287314	5.4 Mbps	4.3
123.339	7000	2.198	0.0	1796193.0	2472.0	0.13795986622073578	0.0031769971267007497	5.8 Mbps	4.3
125.06	4300	2.477	0.0	1240704.0	1721.0	0.06581352833638025	0.003335706985711338	5.8 Mbps	1.5999999999999996
126.821	4300	2.716	0.0	1263953.0	1761.0	0.10350981558596074	0.007408898906842264	5.7 Mbps	4.3
128.535	4300	3.002	0.0	1215517.0	1714.0	0.1456548347613219	0.007817558290011576	5.7 Mbps	4.3
130.684	7000	2.853	0.0	1616568.0	2149.0	0.27791203479942	0.010741970025387116	6.0 Mbps	4.3
133.164	7000	2.373	0.0	2001820.0	2480.0	0.21125	0.00838455755262711	6.5 Mbps	7.0
135.556	7000	2.0	0.019	1682836.0	2392.0	0.19420415224913495	0.005413332018093266	5.6 Mbps	6.8043
137.172	4300	2.384	0.0	1208697.0	1616.0	0.11393229166666667	0.0037697619833589394	6.0 Mbps	1.5999999999999996
138.993	4300	2.563	0.0	1177219.0	1821.0	0.21137277426766227	0.009977221740389852	5.2 Mbps	4.3
140.64	4300	2.916	0.0	1128999.0	1647.0	0.13082322910019145	0.004553591278645951	5.5 Mbps	4.3
143.185	7000	2.371	0.0	1811288.0	2545.0	0.21622718052738338	0.006628156317493408	5.7 Mbps	4.3
144.827	4300	2.729	0.0	1259456.0	1642.0	0.04481434058898848	0.002423764704761421	6.1 Mbps	1.5999999999999996
146.469	4300	3.087	0.0	1259182.0	1642.0	0.176056338028169	0.0023964962968022097	6.1 Mbps	4.3
149.171	7000	2.385	0.0	2006632.0	2702.0	0.19107551487414187	0.00494771836589868	5.9 Mbps	4.3
151.603	7000	2.0	0.047	1595423.0	2432.0	0.34651360544217685	0.011923718662699485	5.2 Mbps	6.5159
153.723	7000	2.0	0.12	1755985.0	2120.0	0.075	0.003374601719262978	6.6 Mbps	5.764
155.587	4300	2.136	0.0	1271918.0	1864.0	0.19730941704035873	0.00042091943034063516	5.5 Mbps	1.5999999999999996
156.946	4300	2.777	0.0	1030528.0	1359.0	0.07740422204847537	0.0	6.1 Mbps	4.3
159.362	7000	2.361	0.0	1784680.0	2416.0	0.15924657534246575	0.0019915334962009998	5.9 Mbps	4.3
161.966	7000	2.0	0.243	2034529.0	2604.0	0.07369255150554675	0.0016570788619872216	6.3 Mbps	4.4971
164.55	7000	2.0	0.584	1843387.0	2584.0	0.1226038338658147	0.001375728482407655	5.7 Mbps	0.9847999999999999
166.505	4300	2.045	0.0	1335547.0	1955.0	0.2128	0.013218647490503891	5.5 Mbps	1.5999999999999996
168.269	4300	2.281	0.0	1225403.0	1764.0	0.11757719714964371	0.004109158374836687	5.6 Mbps	4.3
170.17	4300	2.38	0.0	1344107.0	1901.0	0.22899505766062603	0.004820765757488057	5.7 Mbps	4.3
172.515	7000	2.035	0.0	1672691.0	2345.0	0.11743929359823399	0.0023442763786019056	5.7 Mbps	4.3
174.681	7000	2.0	0.131	1638262.0	2166.0	0.09443911792905081	0.006329878859425415	6.1 Mbps	5.6507
176.258	4300	2.423	0.0	1271829.0	1577.0	0.24649298597194388	0.025117566905613883	6.5 Mbps	1.5999999999999996
178.207	4300	2.474	0.0	1270175.0	1949.0	0.22578919208132692	0.0036344401362017045	5.2 Mbps	4.3
180.499	7000	2.182	0.0	1727182.0	2292.0	0.12793851717902352	0.005563397487931208	6.0 Mbps	4.3
182.723	7000	2.0	0.042	1709260.0	2224.0	0.04757462686567164	0.0017394954541731509	6.1 Mbps	6.5674
184.312	4300	2.411	0.0	1196322.0	1589.0	0.2485089463220676	0.006549449061373109	6.0 Mbps	1.5999999999999996
186.4	4300	2.323	0.0	1324657.0	2088.0	0.17330677290836655	0.008696873983227356	5.1 Mbps	4.3
188.491	4300	2.232	0.0	1413974.0	2091.0	0.20537046245648932	0.01075974522869586	5.4 Mbps	4.3
190.094	4300	2.629	0.0	1096779.0	1603.0	0.061720288903479976	0.002592705549613915	5.5 Mbps	4.3
191.802	4300	2.921	0.0	1139799.0	1708.0	0.27457002457002455	0.013669515414559935	5.3 Mbps	4.3
194.332	7000	2.391	0.0	1708944.0	2530.0	0.2473469387755102	0.011919349024894907	5.4 Mbps	4.3
196.177	4300	2.546	0.0	1274531.0	1845.0	0.12464589235127478	0.012308939523636538	5.5 Mbps	1.5999999999999996
197.873	4300	2.85	0.0	1270342.0	1696.0	0.11695544554455446	0.007591262825286419	6.0 Mbps	4.3
200.091	7000	2.632	0.0	1621739.0	2218.0	0.14967259120673526	0.017209304333188017	5.8 Mbps	4.3
202.563	7000	2.16	0.0	1686280.0	2472.0	0.33528428093645485	0.01657583556704699	5.5 Mbps	7.0

