1.957	3000	2.000	1.957	820609.0	1956.569	0.237	0.00319	3.355 Mbps	0.946	35.041	0.000	-17.153
3.153	1750	2.803	0.000	516104.0	1196.535	0.357	0.00000	3.451 Mbps	0.909	31.798	0.000	0.500
4.908	3000	3.048	0.000	842741.0	1755.052	0.248	0.01546	3.841 Mbps	-1.000	0.000	1.000	1.750
6.457	3000	2.000	0.501	842741.0	1549.223	0.274	0.00000	4.352 Mbps	0.943	34.434	0.000	-2.158
7.525	1750	2.933	0.000	514784.0	1067.241	0.318	0.00740	3.859 Mbps	0.909	31.905	0.000	0.500
8.910	3000	3.547	0.000	788170.0	1385.582	0.332	0.00000	4.551 Mbps	0.941	34.444	0.000	1.750
10.500	4300	3.957	0.000	1054838.0	1589.809	0.286	0.00332	5.308 Mbps	0.936	34.189	0.000	3.000
12.725	5800	3.732	0.000	1522590.0	2225.328	0.296	0.00792	5.474 Mbps	0.640	12.554	0.000	4.300
15.018	5800	3.440	0.000	1495913.0	2292.495	0.317	0.00626	5.220 Mbps	0.973	40.353	0.000	5.800
17.246	4300	3.211	0.000	1277041.0	2228.431	0.283	0.02775	4.585 Mbps	-1.000	0.000	1.000	2.800
18.774	3000	2.000	0.317	896417.0	1527.727	0.383	0.00387	4.694 Mbps	-1.000	0.000	0.000	-1.561
19.614	1750	3.160	0.000	433095.0	840.019	0.271	0.01917	4.125 Mbps	0.602	11.173	0.000	0.500
21.856	4300	2.918	0.000	1114493.0	2242.241	0.303	0.00617	3.976 Mbps	-1.000	0.000	1.000	1.750
23.432	3000	2.000	0.658	795617.0	1575.987	0.264	0.00033	4.039 Mbps	0.983	37.666	0.000	-5.080
24.316	1750	3.116	0.000	526038.0	884.237	0.342	0.01632	4.759 Mbps	-1.000	0.000	1.000	0.500
25.595	3000	2.000	0.162	879925.0	1278.100	0.186	0.00240	5.508 Mbps	0.945	32.271	0.000	0.078
26.613	3000	2.982	0.000	758335.0	1018.232	0.289	0.00302	5.958 Mbps	0.939	32.187	0.000	3.000
28.277	4300	3.317	0.000	1178712.0	1664.536	0.297	0.00332	5.665 Mbps	0.965	34.528	0.000	3.000
29.780	5800	3.815	0.000	1318941.0	1502.572	0.302	0.00872	7.022 Mbps	0.983	38.740	0.000	4.300
31.541	5800	4.053	0.000	1720225.0	1761.270	0.265	0.00731	7.814 Mbps	0.975	42.722	0.000	5.800
32.942	5800	4.653	0.000	1401455.0	1400.860	0.245	0.00000	8.003 Mbps	0.976	42.004	0.000	5.800
34.660	5800	4.934	0.000	1415850.0	1718.428	0.295	0.00324	6.591 Mbps	0.981	43.819	0.000	5.800
37.029	5800	4.565	0.000	1651825.0	2368.959	0.302	0.00272	5.578 Mbps	0.988	46.687	0.000	5.800
39.360	5800	4.235	0.000	1553617.0	2330.511	0.305	0.00420	5.333 Mbps	-1.000	0.000	1.000	5.800
41.204	3000	2.390	0.000	826962.0	1844.192	0.276	0.00638	3.587 Mbps	0.962	38.576	0.000	0.200
42.344	1750	3.251	0.000	486041.0	1139.782	0.262	0.00000	3.411 Mbps	0.855	31.990	0.000	0.500
44.127	3000	3.468	0.000	781364.0	1782.896	0.322	0.00018	3.506 Mbps	0.934	33.652	0.000	1.750
45.795	3000	3.799	0.000	758937.0	1668.671	0.310	0.00578	3.639 Mbps	0.966	39.774	0.000	3.000
47.476	3000	4.118	0.000	764632.0	1680.687	0.305	0.00163	3.640 Mbps	0.907	18.828	0.000	3.000
50.326	4300	3.269	0.000	1257347.0	2849.893	0.230	0.00000	3.530 Mbps	0.992	48.514	0.000	3.000
52.130	3000	3.465	0.000	797470.0	1803.742	0.197	0.00000	3.537 Mbps	0.963	37.683	0.000	1.700
54.186	3000	3.408	0.000	860432.0	2056.454	0.327	0.00479	3.347 Mbps	0.972	38.839	0.000	3.000
55.983	3000	3.612	0.000	830717.0	1796.520	0.241	0.02469	3.699 Mbps	-1.000	0.000	1.000	3.000
57.847	3000	2.000	0.252	830717.0	1864.246	0.347	0.00000	3.565 Mbps	0.976	42.048	0.000	0.400
58.842	1750	3.005	0.000	546721.0	995.114	0.344	0.01201	4.395 Mbps	-1.000	0.000	1.000	0.500
60.438	3000	2.000	0.591	910409.0	1595.404	0.353	0.01953	4.565 Mbps	0.825	16.824	0.000	-4.332
60.962	1750	3.476	0.000	314183.0	524.043	0.305	0.02982	4.796 Mbps	0.740	12.884	0.000	0.500
63.095	4300	3.343	0.000	1186224.0	2133.263	0.324	0.00799	4.448 Mbps	-1.000	0.000	1.000	1.750
64.525	3000	2.000	0.087	791967.0	1429.697	0.266	0.01347	4.432 Mbps	-1.000	0.000	0.000	0.804
65.366	1750	3.158	0.000	443175.0	841.511	0.405	0.02319	4.213 Mbps	0.948	36.055	0.000	0.500
66.976	4300	3.549	0.000	1096651.0	1609.851	0.368	0.00555	5.450 Mbps	0.938	26.008	0.000	1.750
69.424	5800	3.101	0.000	1747460.0	2447.990	0.318	0.00165	5.711 Mbps	0.985	44.003	0.000	4.300
70.996	4300	3.529	0.000	1143546.0	1571.666	0.410	0.01080	5.821 Mbps	-1.000	0.000	1.000	2.800
72.092	3000	2.432	0.000	836332.0	1096.758	0.320	0.00439	6.100 Mbps	0.952	36.586	0.000	1.700
73.648	4300	2.877	0.000	1111651.0	1555.404	0.321	0.00126	5.718 Mbps	0.848	29.193	0.000	3.000
75.047	4300	3.478	0.000	1153282.0	1398.996	0.250	0.00797	6.595 Mbps	0.875	30.818	0.000	4.300
77.024	5800	3.500	0.000	1695101.0	1977.571	0.246	0.00620	6.857 Mbps	0.922	34.371	0.000	4.300
78.963	5800	3.562	0.000	1663740.0	1938.546	0.281	0.01225	6.866 Mbps	0.918	33.606	0.000	5.800
80.424	5800	4.100	0.000	1227176.0	1461.608	0.257	0.00985	6.717 Mbps	-1.000	0.000	1.000	5.800
81.240	3000	3.285	0.000	640974.0	815.481	0.375	0.00614	6.288 Mbps	0.876	31.729	0.000	0.200
83.074	5800	3.450	0.000	1698056.0	1834.532	0.275	0.00295	7.405 Mbps	0.958	39.106	0.000	3.000
84.761	5800	3.764	0.000	1636097.0	1686.279	0.321	0.00567	7.762 Mbps	0.958	37.997	0.000	5.800
86.273	5800	4.252	0.000	1520273.0	1511.771	0.283	0.00554	8.045 Mbps	-1.000	0.000	1.000	5.800
87.037	3000	3.487	0.000	822645.0	764.753	0.324	0.00562	8.606 Mbps	0.902	30.836	0.000	0.200
88.401	5800	4.123	0.000	1488333.0	1363.918	0.304	0.00468	8.730 Mbps	0.644	11.337	0.000	3.000
89.786	5800	4.739	0.000	1567569.0	1384.813	0.185	0.00263	9.056 Mbps	0.910	29.449	0.000	5.800
91.016	5800	5.509	0.000	1381102.0	1229.601	0.256	0.00000	8.986 Mbps	0.977	39.181	0.000	5.800
92.484	5800	6.040	0.000	1668337.0	1468.690	0.345	0.00382	9.087 Mbps	0.540	13.301	0.000	5.800
93.907	5800	6.617	0.000	1613698.0	1423.210	0.244	0.00424	9.071 Mbps	0.985	41.946	0.000	5.800
95.384	5800	7.140	0.000	1677909.0	1476.658	0.276	0.01760	9.090 Mbps	-1.000	0.000	1.000	5.800
96.238	3000	6.287	0.000	929254.0	853.492	0.274	0.00000	8.710 Mbps	0.941	33.588	0.000	0.200
97.407	5800	7.118	0.000	1269746.0	1169.279	0.308	0.00349	8.687 Mbps	0.683	16.948	0.000	3.000
98.681	5800	7.844	0.000	1150360.0	1273.583	0.202	0.00000	7.226 Mbps	0.997	46.908	0.000	5.800
100.319	5800	8.205	0.000	1260920.0	1638.568	0.208	0.00291	6.156 Mbps	0.994	43.945	0.000	5.800
102.169	5800	8.356	0.000	1273130.0	1849.765	0.297	0.00028	5.506 Mbps	0.836	15.480	0.000	5.800
104.193	5800	8.332	0.000	1135942.0	2024.013	0.280	0.00747	4.490 Mbps	0.452	5.485	0.000	5.800
105.988	5800	8.537	0.000	761002.0	1795.130	0.210	0.00052	3.391 Mbps	0.465	9.491	0.000	5.800
108.993	5800	7.531	0.000	1341515.0	3005.090	0.265	0.01485	3.571 Mbps	-1.000	0.000	1.000	5.800
110.689	3000	5.835	0.000	741166.0	1696.066	0.454	0.01589	3.496 Mbps	0.974	37.267	0.000	0.200
114.131	5800	4.393	0.000	1527061.0	3441.923	0.296	0.01855	3.549 Mbps	-1.000	0.000	1.000	3.000
115.974	3000	2.550	0.000	808623.0	1843.152	0.222	0.00000	3.510 Mbps	0.978	37.902	0.000	0.200
117.147	1750	3.377	0.000	501209.0	1172.855	0.156	0.00000	3.419 Mbps	0.961	34.039	0.000	0.500
118.945	3000	3.580	0.000	787745.0	1797.629	0.395	0.00810	3.506 Mbps	-1.000	0.000	1.000	1.750
120.835	3000	2.000	0.310	787745.0	1890.076	0.285	0.00148	3.334 Mbps	0.700	13.539	0.000	-0.195
121.882	1750	2.953	0.000	439413.0	1046.753	0.312	0.01978	3.358 Mbps	0.561	12.734	0.000	0.500
123.469	3000	3.366	0.000	705121.0	1587.313	0.230	0.00128	3.554 Mbps	-1.000	0.000	1.000	1.750
125.220	3000	2.000	0.385	705121.0	1751.329	0.308	0.00000	3.221 Mbps	0.953	38.018	0.000	-0.970
126.551	1750	2.669	0.000	578592.0	1330.813	0.308	0.00530	3.478 Mbps	0.957	37.703	0.000	0.500
127.427	1750	3.793	0.000	477415.0	876.466	0.329	0.01518	4.358 Mbps	-1.000	0.000	1.000	1.750
128.842	3000	2.378	0.000	847039.0	1414.254	0.222	0.00891	4.791 Mbps	0.711	16.328	0.000	1.750
130.172	3000	3.048	0.000	838750.0	1330.699	0.398	0.00258	5.042 Mbps	0.961	38.536	0.000	3.000
131.512	4300	3.708	0.000	964253.0	1339.275	0.199	0.00782	5.760 Mbps	0.686	12.919	0.000	3.000
133.783	5800	3.438	0.000	1661679.0	2270.836	0.244	0.00731	5.854 Mbps	0.517	14.868	0.000	4.300
135.347	5800	3.874	0.000	1414228.0	1564.110	0.309	0.01151	7.233 Mbps	-1.000	0.000	1.000	5.800
136.237	3000	2.983	0.000	734871.0	890.637	0.267	0.00049	6.601 Mbps	0.941	33.199	0.000	0.200
137.911	5800	3.309	0.000	1624402.0	1673.771	0.204	0.00288	7.764 Mbps	-1.000	0.000	1.000	3.000
138.750	3000	2.470	0.000	827351.0	839.059	0.331	0.02910	7.888 Mbps	0.499	11.315	0.000	0.200
140.242	5800	2.978	0.000	1586444.0	1491.592	0.333	0.00289	8.509 Mbps	0.973	38.895	0.000	3.000
141.577	5800	3.644	0.000	1507639.0	1334.928	0.342	0.00000	9.035 Mbps	0.977	40.645	0.000	5.800
142.966	5800	4.254	0.000	1511193.0	1389.674	0.293	0.00223	8.700 Mbps	0.972	37.700	0.000	5.800
144.459	5800	4.762	0.000	1696662.0	1492.267	0.310	0.00840	9.096 Mbps	-1.000	0.000	1.000	5.800
145.325	3000	3.895	0.000	945354.0	866.894	0.312	0.00293	8.724 Mbps	0.903	30.137	0.000	0.200
146.784	5800	4.436	0.000	1656262.0	1458.639	0.358	0.01528	9.084 Mbps	0.332	12.085	0.000	3.000
148.246	5800	4.974	0.000	1660557.0	1462.214	0.306	0.00208	9.085 Mbps	0.676	15.659	0.000	5.800
149.426	5800	5.794	0.000	1321595.0	1180.069	0.326	0.00000	8.959 Mbps	0.972	37.773	0.000	5.800
150.696	5800	6.524	0.000	1429041.0	1269.505	0.367	0.00721	9.005 Mbps	0.980	40.048	0.000	5.800
152.287	5800	6.933	0.000	1725671.0	1590.956	0.256	0.00579	8.677 Mbps	0.969	42.610	0.000	5.800
153.747	5800	7.474	0.000	1361129.0	1459.686	0.264	0.00562	7.460 Mbps	0.381	11.289	0.000	5.800
155.373	5800	7.847	0.000	1470555.0	1626.817	0.231	0.00764	7.232 Mbps	0.784	24.011	0.000	5.800
157.385	5800	7.835	0.000	1707106.0	2011.387	0.248	0.00248	6.790 Mbps	0.592	12.661	0.000	5.800
159.228	5800	7.992	0.000	1521547.0	1843.740	0.250	0.00158	6.602 Mbps	0.987	44.221	0.000	5.800
161.710	5800	7.510	0.000	1813174.0	2482.023	0.354	0.00492	5.844 Mbps	0.644	13.192	0.000	5.800
163.887	5800	7.333	0.000	1624071.0	2176.477	0.210	0.01060	5.970 Mbps	0.487	10.380	0.000	5.800
166.554	5800	6.666	0.000	1846028.0	2667.399	0.340	0.00000	5.537 Mbps	0.984	43.654	0.000	5.800
168.645	5800	6.575	0.000	1352433.0	2090.647	0.306	0.00492	5.175 Mbps	0.472	9.152	0.000	5.800
171.205	5800	6.016	0.000	1372156.0	2559.613	0.299	0.00967	4.289 Mbps	0.784	16.607	0.000	5.800
175.048	5800	4.172	0.000	1713934.0	3843.386	0.263	0.00162	3.568 Mbps	0.986	45.814	0.000	5.800
177.898	4300	3.323	0.000	1270175.0	2849.538	0.257	0.02236	3.566 Mbps	-1.000	0.000	1.000	2.800
179.877	3000	2.000	0.657	871106.0	1979.393	0.269	0.00946	3.521 Mbps	0.673	13.377	0.000	-5.065
180.891	1750	2.986	0.000	428319.0	1013.923	0.338	0.00624	3.379 Mbps	0.964	38.607	0.000	0.500
182.634	3000	3.243	0.000	762832.0	1743.308	0.296	0.00960	3.501 Mbps	-1.000	0.000	1.000	1.750
184.377	3000	2.000	0.501	762832.0	1743.308	0.341	0.00000	3.501 Mbps	0.976	41.597	0.000	-2.156
185.548	1750	2.830	0.000	500091.0	1170.417	0.419	0.00979	3.418 Mbps	0.453	11.356	0.000	0.500
187.675	3000	2.702	0.000	938913.0	2127.241	0.394	0.01025	3.531 Mbps	0.261	9.273	0.000	1.750
189.058	1750	3.319	0.000	597749.0	1383.355	0.173	0.00284	3.457 Mbps	0.878	29.648	0.000	0.500
190.785	3000	3.593	0.000	755059.0	1726.359	0.329	0.00511	3.499 Mbps	0.599	14.591	0.000	1.750
192.714	3000	3.664	0.000	847926.0	1928.850	0.315	0.00000	3.517 Mbps	0.939	36.010	0.000	3.000
194.449	3000	3.929	0.000	759141.0	1735.260	0.397	0.01171	3.500 Mbps	0.971	39.748	0.000	3.000
197.294	4300	3.084	0.000	1274531.0	2844.555	0.282	0.00249	3.584 Mbps	0.982	42.943	0.000	3.000
198.982	3000	3.396	0.000	849525.0	1688.434	0.203	0.01287	4.025 Mbps	0.970	38.554	0.000	1.700
200.259	3000	4.118	0.000	730514.0	1277.230	0.416	0.00320	4.576 Mbps	0.979	38.689	0.000	3.000
202.568	5800	3.809	0.000	1408894.0	2309.071	0.336	0.00261	4.881 Mbps	0.988	44.803	0.000	3.000

