1.957	3000	2.000	1.957	820609.0	1956.569	0.208	0.00000	3.355 Mbps	0.946	35.041	0.000	-17.153
3.914	3000	2.043	0.000	890957.0	1957.183	0.255	0.00000	3.642 Mbps	0.946	34.932	0.000	3.000
6.087	4300	2.000	0.130	1196861.0	2172.750	0.335	0.00648	4.407 Mbps	0.423	13.819	0.000	1.662
8.468	4300	2.000	0.382	1241725.0	2381.734	0.312	0.00337	4.171 Mbps	0.961	37.479	0.000	0.368
10.107	4300	2.361	0.000	1145415.0	1639.042	0.299	0.01207	5.591 Mbps	0.425	13.996	0.000	4.300
12.202	5800	2.267	0.000	1430057.0	2094.280	0.274	0.00831	5.463 Mbps	-1.000	0.000	1.000	4.300
12.428	375	2.040	0.000	104262.0	226.358	0.431	0.00000	3.685 Mbps	0.744	26.571	0.000	-5.050
14.673	5800	2.000	0.205	1522590.0	2245.432	0.363	0.00580	5.425 Mbps	0.608	12.926	0.000	-1.738
17.216	5800	2.000	0.543	1495913.0	2543.063	0.286	0.00951	4.706 Mbps	0.973	40.353	0.000	0.206
19.334	4300	2.000	0.117	1277041.0	2117.340	0.312	0.00598	4.825 Mbps	0.598	11.286	0.000	1.591
21.485	4300	2.000	0.151	1064186.0	2150.965	0.231	0.00505	3.958 Mbps	0.960	38.316	0.000	2.745
23.480	4300	2.005	0.000	1114493.0	1995.104	0.341	0.00042	4.469 Mbps	0.992	43.768	0.000	4.300
25.302	4300	2.183	0.000	1262526.0	1822.053	0.269	0.00863	5.543 Mbps	0.969	35.426	0.000	4.300
27.214	5800	2.271	0.000	1431249.0	1912.236	0.264	0.01310	5.988 Mbps	-1.000	0.000	1.000	4.300
27.415	375	2.069	0.000	97612.0	201.316	0.333	0.00000	3.879 Mbps	0.795	24.947	0.000	-5.050
29.310	5800	2.174	0.000	1606806.0	1894.874	0.315	0.00555	6.784 Mbps	0.978	36.913	0.000	0.375
30.695	5800	2.790	0.000	1318941.0	1384.304	0.284	0.00556	7.622 Mbps	0.983	38.740	0.000	5.800
32.297	5800	3.188	0.000	1720225.0	1602.119	0.300	0.00080	8.590 Mbps	0.975	42.722	0.000	5.800
33.697	5800	3.788	0.000	1401455.0	1400.028	0.422	0.00572	8.008 Mbps	0.664	14.703	0.000	5.800
35.601	5800	3.884	0.000	1415850.0	1904.045	0.210	0.00000	5.949 Mbps	0.981	43.819	0.000	5.800
38.021	5800	3.463	0.000	1651825.0	2420.674	0.293	0.00389	5.459 Mbps	0.988	46.687	0.000	5.800
40.966	5800	2.519	0.000	1553617.0	2944.736	0.282	0.00355	4.221 Mbps	0.984	43.815	0.000	5.800
43.522	4300	2.000	0.037	1135787.0	2555.694	0.362	0.00164	3.555 Mbps	-1.000	0.000	1.000	2.417
43.822	375	2.000	0.300	100735.0	299.646	0.145	0.00000	2.689 Mbps	0.782	29.213	0.000	-6.636
46.373	4300	2.000	0.552	1155212.0	2551.842	0.263	0.00487	3.622 Mbps	0.696	12.799	0.000	-5.309
48.662	4300	2.000	0.288	1082639.0	2288.190	0.180	0.00615	3.785 Mbps	-1.000	0.000	1.000	1.332
48.952	375	2.000	0.290	100248.0	290.234	0.581	0.03647	2.763 Mbps	0.932	35.251	0.000	-6.539
50.669	3000	2.283	0.000	764632.0	1717.301	0.182	0.00000	3.562 Mbps	0.964	38.810	0.000	0.375
52.604	3000	2.348	0.000	862347.0	1934.944	0.295	0.00475	3.565 Mbps	0.988	46.158	0.000	3.000
54.495	3000	2.457	0.000	797470.0	1891.097	0.304	0.00371	3.374 Mbps	0.652	15.725	0.000	3.000
57.188	4300	2.000	0.237	1244540.0	2693.292	0.214	0.00000	3.697 Mbps	0.990	44.861	0.000	0.563
59.313	4300	2.000	0.124	1160358.0	2124.206	0.351	0.02736	4.370 Mbps	-1.000	0.000	1.000	3.021
59.567	375	2.000	0.254	103499.0	254.364	0.423	0.07941	3.255 Mbps	0.934	33.855	0.000	-6.170
61.766	4300	2.000	0.199	1307221.0	2198.680	0.248	0.00250	4.756 Mbps	0.974	41.920	0.000	-1.671
63.218	4300	2.548	0.000	786688.0	1451.936	0.281	0.00000	4.335 Mbps	0.989	42.858	0.000	4.300
65.304	4300	2.462	0.000	1186224.0	2086.092	0.354	0.01536	4.549 Mbps	0.771	14.985	0.000	4.300
66.857	4300	2.909	0.000	1040422.0	1553.036	0.244	0.00054	5.359 Mbps	-1.000	0.000	1.000	4.300
67.079	375	2.687	0.000	96233.0	222.097	0.319	0.00000	3.466 Mbps	0.895	31.437	0.000	-3.550
69.084	5800	2.681	0.000	1452782.0	2005.612	0.309	0.00379	5.795 Mbps	0.992	46.263	0.000	0.375
71.537	5800	2.229	0.000	1747460.0	2452.655	0.304	0.00816	5.700 Mbps	0.985	44.003	0.000	5.800
73.475	5800	2.291	0.000	1552646.0	1937.503	0.268	0.00063	6.411 Mbps	0.665	13.169	0.000	5.800
75.281	5800	2.484	0.000	1506634.0	1806.671	0.213	0.00725	6.671 Mbps	-1.000	0.000	1.000	5.800
75.459	375	2.307	0.000	101140.0	177.353	0.500	0.00000	4.562 Mbps	0.559	23.090	0.000	-5.050
